raman_shift_cm-1,intensity_normalized,first_derivative_normalized,valid_mask
0.0,0.0,0.0,0
0.9758478,0.0,0.0,0
1.9516956,0.0,0.0,0
2.9275434,0.0,0.0,0
3.9033911,0.0,0.0,0
4.8792386,0.0,0.0,0
5.855087,0.0,0.0,0
6.8309345,0.0,0.0,0
7.8067822,0.0,0.0,0
8.78263,0.0,0.0,0
9.758477,0.0,0.0,0
10.734325,0.0,0.0,0
11.710174,0.0,0.0,0
12.686021,0.0,0.0,0
13.661869,0.0,0.0,0
14.637716,0.0,0.0,0
15.6135645,0.0,0.0,0
16.589413,0.0,0.0,0
17.56526,0.0,0.0,0
18.541107,0.0,0.0,0
19.516954,0.0,0.0,0
20.492804,0.0,0.0,0
21.46865,0.0,0.0,0
22.444498,0.0,0.0,0
23.420347,0.0,0.0,0
24.396194,0.0,0.0,0
25.372042,0.0,0.0,0
26.347889,0.0,0.0,0
27.323738,0.0,0.0,0
28.299585,0.0,0.0,0
29.275433,0.0,0.0,0
30.251282,0.0,0.0,0
31.227129,0.0,0.0,0
32.202976,0.0,0.0,0
33.178825,0.0,0.0,0
34.15467,0.0,0.0,0
35.13052,0.0,0.0,0
36.10637,0.0,0.0,0
37.082214,0.0,0.0,0
38.058064,0.0,0.0,0
39.03391,0.0,0.0,0
40.009758,0.0,0.0,0
40.985607,0.0,0.0,0
41.961452,0.0,0.0,0
42.9373,0.0,0.0,0
43.91315,0.0,0.0,0
44.888996,0.0,0.0,0
45.864845,0.0,0.0,0
46.840694,0.0,0.0,0
47.81654,0.0,0.0,0
48.79239,0.0,0.0,0
49.768234,0.0,0.0,0
50.744083,0.0,0.0,0
51.719933,0.0,0.0,0
52.695778,0.0,0.0,0
53.671627,0.0,0.0,0
54.647476,0.0,0.0,0
55.62332,0.0,0.0,0
56.59917,0.0,0.0,0
57.57502,0.0,0.0,0
58.550865,0.0,0.0,0
59.526714,0.0,0.0,0
60.502563,0.0,0.0,0
61.47841,0.0,0.0,0
62.454258,0.0,0.0,0
63.430103,0.0,0.0,0
64.40595,0.0,0.0,0
65.3818,0.0,0.0,0
66.35765,0.0,0.0,0
67.333496,0.0,0.0,0
68.30934,0.0,0.0,0
69.285194,0.0,0.0,0
70.26104,0.0,0.0,0
71.236885,0.0,0.0,0
72.21274,0.0,0.0,0
73.18858,0.0,0.0,0
74.16443,0.0,0.0,0
75.14028,0.0,0.0,0
76.11613,0.0,0.0,0
77.09197,0.0,0.0,0
78.06782,0.0,0.0,0
79.04367,0.0,0.0,0
80.019516,0.0,0.0,0
80.99536,0.0,0.0,0
81.971214,0.0,0.0,0
82.94706,0.0,0.0,0
83.922905,0.0,0.0,0
84.89876,0.0,0.0,0
85.8746,0.0,0.0,0
86.85045,0.0,0.0,0
87.8263,0.0,0.0,0
88.80215,0.0,0.0,0
89.77799,0.0,0.0,0
90.753845,0.0,0.0,0
91.72969,0.0,0.0,0
92.705536,0.0,0.0,0
93.68139,0.0,0.0,0
94.657234,0.0,0.0,0
95.63308,0.0,0.0,0
96.60893,0.0,0.0,0
97.58478,0.0,0.0,0
98.56062,0.0,0.0,0
99.53647,0.0,0.0,0
100.51232,0.0,0.0,0
101.48817,0.0,0.0,0
102.46401,0.0,0.0,0
103.439865,0.0,0.0,0
104.41571,0.0,0.0,0
105.391556,0.0,0.0,0
106.36741,0.0,0.0,0
107.343254,0.0,0.0,0
108.3191,0.0,0.0,0
109.29495,0.0,0.0,0
110.2708,0.0,0.0,0
111.24664,0.0,0.0,0
112.222496,0.0,0.0,0
113.19834,0.0,0.0,0
114.17419,0.0,0.0,0
115.15004,0.0,0.0,0
116.125885,0.0,0.0,0
117.10173,0.0,0.0,0
118.07758,0.0,0.0,0
119.05343,0.0,0.0,0
120.029274,0.0,0.0,0
121.00513,0.0,0.0,0
121.98097,0.0,0.0,0
122.95682,0.0,0.0,0
123.93266,0.0,0.0,0
124.908516,0.0,0.0,0
125.88436,0.0,0.0,0
126.86021,0.0,0.0,0
127.83606,0.0,0.0,0
128.8119,0.0,0.0,0
129.78775,0.0,0.0,0
130.7636,0.0,0.0,0
131.73946,0.0,0.0,0
132.7153,0.0,0.0,0
133.69115,0.0,0.0,0
134.66699,0.0,0.0,0
135.64284,0.0,0.0,0
136.61868,0.0,0.0,0
137.59453,0.0,0.0,0
138.57039,0.0,0.0,0
139.54623,0.0,0.0,0
140.52208,0.0,0.0,0
141.49792,0.0,0.0,0
142.47377,0.0,0.0,0
143.44962,0.0,0.0,0
144.42548,0.0,0.0,0
145.40132,0.0,0.0,0
146.37717,0.0,0.0,0
147.35301,0.0,0.0,0
148.32886,0.0,0.0,0
149.3047,0.0,0.0,0
150.28056,0.0,0.0,0
151.25641,0.0,0.0,0
152.23225,0.0,0.0,0
153.2081,0.0,0.0,0
154.18394,0.0,0.0,0
155.15979,0.0,0.0,0
156.13564,0.0,0.0,0
157.1115,0.0,0.0,0
158.08734,0.0,0.0,0
159.06319,0.0,0.0,0
160.03903,0.0,0.0,0
161.01488,0.0,0.0,0
161.99072,0.0,0.0,0
162.96658,0.0,0.0,0
163.94243,0.0,0.0,0
164.91827,0.0,0.0,0
165.89412,0.0,0.0,0
166.86996,0.0,0.0,0
167.84581,0.0,0.0,0
168.82167,0.0,0.0,0
169.79752,0.0,0.0,0
170.77336,0.0,0.0,0
171.7492,0.0,0.0,0
172.72505,0.0,0.0,0
173.7009,0.0,0.0,0
174.67676,0.0,0.0,0
175.6526,0.0,0.0,0
176.62845,0.0,0.0,0
177.6043,0.0,0.0,0
178.58014,0.0,0.0,0
179.55598,0.0,0.0,0
180.53183,0.0,0.0,0
181.50769,0.0,0.0,0
182.48354,0.0,0.0,0
183.45938,0.0,0.0,0
184.43523,0.0,0.0,0
185.41107,0.0,0.0,0
186.38692,0.0,0.0,0
187.36278,0.0,0.0,0
188.33862,0.0,0.0,0
189.31447,0.0,0.0,0
190.29031,0.0,0.0,0
191.26616,0.0,0.0,0
192.242,0.0,0.0,0
193.21786,0.0,0.0,0
194.19371,0.0,0.0,0
195.16956,0.0,0.0,0
196.1454,0.0,0.0,0
197.12125,0.0,0.0,0
198.09709,0.0,0.0,0
199.07294,0.0,0.0,0
200.0488,0.0,0.0,0
201.02464,0.0,0.0,0
202.00049,0.0,0.0,0
202.97633,0.0,0.0,0
203.95218,0.0,0.0,0
204.92802,0.0,0.0,0
205.90388,0.0,0.0,0
206.87973,0.0,0.0,0
207.85558,0.0,0.0,0
208.83142,0.0,0.0,0
209.80727,0.0,0.0,0
210.78311,0.0,0.0,0
211.75897,0.0,0.0,0
212.73482,0.0,0.0,0
213.71066,0.0,0.0,0
214.68651,0.0,0.0,0
215.66235,0.0,0.0,0
216.6382,0.0,0.0,0
217.61406,0.0,0.0,0
218.5899,0.0,0.0,0
219.56575,0.0,0.0,0
220.5416,0.0,0.0,0
221.51744,0.0,0.0,0
222.49329,0.0,0.0,0
223.46913,0.0,0.0,0
224.44499,0.0,0.0,0
225.42084,0.0,0.0,0
226.39668,0.0,0.0,0
227.37253,0.0,0.0,0
228.34837,0.0,0.0,0
229.32422,0.0,0.0,0
230.30008,0.0,0.0,0
231.27592,0.0,0.0,0
232.25177,0.0,0.0,0
233.22762,0.0,0.0,0
234.20346,0.0,0.0,0
235.1793,0.0,0.0,0
236.15517,0.0,0.0,0
237.13101,0.0,0.0,0
238.10686,0.0,0.0,0
239.0827,0.0,0.0,0
240.05855,0.0,0.0,0
241.0344,0.0,0.0,0
242.01025,0.0,0.0,0
242.9861,0.0,0.0,0
243.96194,0.0,0.0,0
244.93779,0.0,0.0,0
245.91364,0.0,0.0,0
246.88948,0.0,0.0,0
247.86533,0.0,0.0,0
248.84119,0.0,0.0,0
249.81703,0.0,0.0,0
250.79288,0.0,0.0,0
251.76872,0.0,0.0,0
252.74457,0.0,0.0,0
253.72041,0.0,0.0,0
254.69627,0.0,0.0,0
255.67212,0.0,0.0,0
256.64795,0.0,0.0,0
257.6238,0.0,0.0,0
258.59967,0.0,0.0,0
259.5755,0.0,0.0,0
260.55136,0.0,0.0,0
261.5272,0.0,0.0,0
262.50305,0.0,0.0,0
263.4789,0.0,0.0,0
264.45474,0.0,0.0,0
265.4306,0.0,0.0,0
266.40643,0.0,0.0,0
267.3823,0.0,0.0,0
268.35812,0.0,0.0,0
269.33398,0.0,0.0,0
270.30984,0.0,0.0,0
271.28568,0.0,0.0,0
272.26154,0.0,0.0,0
273.23737,0.0,0.0,0
274.21323,0.0,0.0,0
275.18906,0.0,0.0,0
276.16492,0.0,0.0,0
277.14078,0.0,0.0,0
278.1166,0.0,0.0,0
279.09247,0.0,0.0,0
280.0683,0.0,0.0,0
281.04416,0.0,0.0,0
282.02002,0.0,0.0,0
282.99585,0.0,0.0,0
283.9717,0.0,0.0,0
284.94754,0.0,0.0,0
285.9234,0.0,0.0,0
286.89923,0.0,0.0,0
287.8751,0.0,0.0,0
288.85095,0.0,0.0,0
289.82678,0.0,0.0,0
290.80264,0.0,0.0,0
291.77847,0.0,0.0,0
292.75433,0.0,0.0,0
293.73016,0.0,0.0,0
294.70602,0.0,0.0,0
295.6819,0.0,0.0,0
296.6577,0.0,0.0,0
297.63358,0.0,0.0,0
298.6094,0.0,0.0,0
299.58527,0.0,0.0,0
300.56113,0.0,0.0,0
301.53696,0.0,0.0,0
302.51282,0.0,0.0,0
303.48865,0.0,0.0,0
304.4645,0.0,0.0,0
305.44034,0.0,0.0,0
306.4162,0.0,0.0,0
307.39206,0.0,0.0,0
308.3679,0.0,0.0,0
309.34375,0.0,0.0,0
310.31958,0.0,0.0,0
311.29544,0.0,0.0,0
312.27127,0.0,0.0,0
313.24713,0.0,0.0,0
314.223,0.0,0.0,0
315.19882,0.0,0.0,0
316.17468,0.0,0.0,0
317.1505,0.0,0.0,0
318.12637,0.0,0.0,0
319.10223,0.0,0.0,0
320.07806,0.0,0.0,0
321.05392,0.0,0.0,0
322.02975,0.0,0.0,0
323.0056,0.0,0.0,0
323.98145,0.0,0.0,0
324.9573,0.0,0.0,0
325.93317,0.0,0.0,0
326.909,0.0,0.0,0
327.88486,0.0,0.0,0
328.8607,0.0,0.0,0
329.83655,0.0,0.0,0
330.8124,0.0,0.0,0
331.78824,0.0,0.0,0
332.7641,0.0,0.0,0
333.73993,0.0,0.0,0
334.7158,0.0,0.0,0
335.69162,0.0,0.0,0
336.66748,0.0,0.0,0
337.64334,0.0,0.0,0
338.61917,0.0,0.0,0
339.59503,0.0,0.0,0
340.57086,0.0,0.0,0
341.54672,0.0,0.0,0
342.52255,0.0,0.0,0
343.4984,0.0,0.0,0
344.47427,0.0,0.0,0
345.4501,0.0,0.0,0
346.42596,0.0,0.0,0
347.4018,0.0,0.0,0
348.37766,0.0,0.0,0
349.35352,0.0,0.0,0
350.32935,0.0,0.0,0
351.3052,0.0,0.0,0
352.28104,0.0,0.0,0
353.2569,0.0,0.0,0
354.23273,0.0,0.0,0
355.2086,0.0,0.0,0
356.18445,0.0,0.0,0
357.16028,0.0,0.0,0
358.13614,0.0,0.0,0
359.11197,0.0,0.0,0
360.08783,0.0,0.0,0
361.06366,0.0,0.0,0
362.03952,0.0,0.0,0
363.01538,0.0,0.0,0
363.9912,0.0,0.0,0
364.96707,0.0,0.0,0
365.9429,0.0,0.0,0
366.91876,0.0,0.0,0
367.89462,0.0,0.0,0
368.87045,0.0,0.0,0
369.8463,0.0,0.0,0
370.82214,0.0,0.0,0
371.798,0.0,0.0,0
372.77383,0.0,0.0,0
373.7497,0.0,0.0,0
374.72556,0.0,0.0,0
375.7014,0.0,0.0,0
376.67725,0.0,0.0,0
377.65308,0.0,0.0,0
378.62894,0.0,0.0,0
379.60477,0.0,0.0,0
380.58063,0.0,0.0,0
381.5565,0.0,0.0,0
382.53232,0.0,0.0,0
383.50818,0.0,0.0,0
384.484,0.0,0.0,0
385.45987,0.0,0.0,0
386.43573,0.0,0.0,0
387.41156,0.0,0.0,0
388.38742,0.0,0.0,0
389.36325,0.0,0.0,0
390.3391,0.0,0.0,0
391.31494,0.0,0.0,0
392.2908,0.0,0.0,0
393.26666,0.0,0.0,0
394.2425,0.0,0.0,0
395.21835,0.0,0.0,0
396.19418,0.0,0.0,0
397.17004,0.0,0.0,0
398.14587,0.0,0.0,0
399.12173,0.0,0.0,0
400.0976,0.0,0.0,0
401.07343,0.0,0.0,0
402.0493,0.0,0.0,0
403.02512,0.0,0.0,0
404.00098,0.0,0.0,0
404.97684,0.0,0.0,0
405.95267,0.0,0.0,0
406.92853,0.0,0.0,0
407.90436,0.0,0.0,0
408.88022,0.0,0.0,0
409.85605,0.0,0.0,0
410.8319,0.0,0.0,0
411.80777,0.0,0.0,0
412.7836,0.0,0.0,0
413.75946,0.0,0.0,0
414.7353,0.0,0.0,0
415.71115,0.0,0.0,0
416.687,0.0,0.0,0
417.66284,0.0,0.0,0
418.6387,0.0,0.0,0
419.61453,0.0,0.0,0
420.5904,0.0,0.0,0
421.56622,0.0,0.0,0
422.54208,0.0,0.0,0
423.51794,0.0,0.0,0
424.49377,0.0,0.0,0
425.46964,0.0,0.0,0
426.44547,0.0,0.0,0
427.42133,0.0,0.0,0
428.39716,0.0,0.0,0
429.37302,0.0,0.0,0
430.34888,0.0,0.0,0
431.3247,0.0,0.0,0
432.30057,0.0,0.0,0
433.2764,0.0,0.0,0
434.25226,0.0,0.0,0
435.22812,0.0,0.0,0
436.20395,0.0,0.0,0
437.1798,0.0,0.0,0
438.15564,0.0,0.0,0
439.1315,0.0,0.0,0
440.10733,0.0,0.0,0
441.0832,0.0,0.0,0
442.05905,0.0,0.0,0
443.03488,0.0,0.0,0
444.01074,0.0,0.0,0
444.98657,0.0,0.0,0
445.96243,0.0,0.0,0
446.93826,0.0,0.0,0
447.91412,0.0,0.0,0
448.88998,0.0,0.0,0
449.8658,0.0,0.0,0
450.84167,0.0,0.0,0
451.8175,0.0,0.0,0
452.79337,0.0,0.0,0
453.76923,0.0,0.0,0
454.74506,0.0,0.0,0
455.72092,0.0,0.0,0
456.69675,0.0,0.0,0
457.6726,0.0,0.0,0
458.64844,0.0,0.0,0
459.6243,0.0,0.0,0
460.60016,0.0,0.0,0
461.576,0.0,0.0,0
462.55185,0.0,0.0,0
463.52768,0.0,0.0,0
464.50354,0.0,0.0,0
465.47937,0.0,0.0,0
466.45523,0.0,0.0,0
467.4311,0.0,0.0,0
468.40692,0.0,0.0,0
469.38278,0.0,0.0,0
470.3586,0.0,0.0,0
471.33447,0.0,0.0,0
472.31033,0.0,0.0,0
473.28616,0.0,0.0,0
474.26202,0.0,0.0,0
475.23785,0.0,0.0,0
476.2137,0.0,0.0,0
477.18954,0.0,0.0,0
478.1654,0.0,0.0,0
479.14127,0.0,0.0,0
480.1171,0.0,0.0,0
481.09296,0.0,0.0,0
482.0688,0.0,0.0,0
483.04465,0.0,0.0,0
484.0205,0.0,0.0,0
484.99634,0.0,0.0,0
485.9722,0.0,0.0,0
486.94803,0.0,0.0,0
487.9239,0.0,0.0,0
488.89972,0.0,0.0,0
489.87558,0.0,0.0,0
490.85144,0.0,0.0,0
491.82727,0.0,0.0,0
492.80313,0.0,0.0,0
493.77896,0.0,0.0,0
494.75482,0.0,0.0,0
495.73065,0.0,0.0,0
496.7065,0.0,0.0,0
497.68237,0.0,0.0,0
498.6582,0.0,0.0,0
499.63406,0.0,0.0,0
500.6099,0.0,0.0,0
501.58575,0.0,0.0,0
502.5616,0.0,0.0,0
503.53745,0.0,0.0,0
504.5133,0.0,0.0,0
505.48914,0.0,0.0,0
506.465,0.0,0.0,0
507.44083,0.0,0.0,0
508.4167,0.0,0.0,0
509.39255,0.0,0.0,0
510.36838,0.0,0.0,0
511.34424,0.0,0.0,0
512.32007,0.0,0.0,0
513.2959,0.0,0.0,0
514.2718,0.0,0.0,0
515.2476,0.0,0.0,0
516.22345,0.0,0.0,0
517.19934,0.0,0.0,0
518.1752,0.0,0.0,0
519.151,0.0,0.0,0
520.12683,0.0,0.0,0
521.1027,0.0,0.0,0
522.07855,0.0,0.0,0
523.0544,0.0,0.0,0
524.0303,0.0,0.0,0
525.0061,0.0,0.0,0
525.98193,0.0,0.0,0
526.9578,0.0,0.0,0
527.93365,0.0,0.0,0
528.9095,0.0,0.0,0
529.8853,0.0,0.0,0
530.8612,0.0,0.0,0
531.83704,0.0,0.0,0
532.81287,0.0,0.0,0
533.78876,0.0,0.0,0
534.7646,0.0,0.0,0
535.7404,0.0,0.0,0
536.71625,0.0,0.0,0
537.69214,0.0,0.0,0
538.66797,0.0,0.0,0
539.6438,0.0,0.0,0
540.6197,0.0,0.0,0
541.5955,0.0,0.0,0
542.57135,0.0,0.0,0
543.5472,0.0,0.0,0
544.5231,0.0,0.0,0
545.4989,0.0,0.0,0
546.47473,0.0,0.0,0
547.4506,0.0,0.0,0
548.42645,0.0,0.0,0
549.4023,0.0,0.0,0
550.3781,0.0,0.0,0
551.354,0.0,0.0,0
552.32983,0.0,0.0,0
553.30566,0.0,0.0,0
554.28156,0.0,0.0,0
555.2574,0.0,0.0,0
556.2332,0.0,0.0,0
557.20905,0.0,0.0,0
558.18494,0.0,0.0,0
559.16077,0.0,0.0,0
560.1366,0.0,0.0,0
561.1125,0.0,0.0,0
562.0883,0.0,0.0,0
563.06415,0.0,0.0,0
564.04004,0.0,0.0,0
565.01587,0.0,0.0,0
565.9917,0.0,0.0,0
566.9675,0.0,0.0,0
567.9434,0.0,0.0,0
568.91925,0.0,0.0,0
569.8951,0.0,0.0,0
570.871,0.0,0.0,0
571.8468,0.0,0.0,0
572.82263,0.0,0.0,0
573.79846,0.0,0.0,0
574.77435,0.0,0.0,0
575.7502,0.0,0.0,0
576.726,0.0,0.0,0
577.7019,0.0,0.0,0
578.67773,0.0,0.0,0
579.65356,0.0,0.0,0
580.6294,0.0,0.0,0
581.6053,0.0,0.0,0
582.5811,0.0,0.0,0
583.55695,0.0,0.0,0
584.53284,0.0,0.0,0
585.50867,0.0,0.0,0
586.4845,0.0,0.0,0
587.4603,0.0,0.0,0
588.4362,0.0,0.0,0
589.41205,0.0,0.0,0
590.3879,0.0,0.0,0
591.3638,0.0,0.0,0
592.3396,0.0,0.0,0
593.3154,0.0,0.0,0
594.2913,0.0,0.0,0
595.26715,0.0,0.0,0
596.243,0.0,0.0,0
597.2188,0.0,0.0,0
598.1947,0.0,0.0,0
599.17053,0.0,0.0,0
600.14636,0.0,0.0,0
601.12225,0.0,0.0,0
602.0981,0.0,0.0,0
603.0739,0.0,0.0,0
604.04974,0.0,0.0,0
605.02563,0.0,0.0,0
606.00146,0.0,0.0,0
606.9773,0.0,0.0,0
607.9532,0.0,0.0,0
608.929,0.0,0.0,0
609.90485,0.0,0.0,0
610.8807,0.0,0.0,0
611.85657,0.0,0.0,0
612.8324,0.0,0.0,0
613.8082,0.0,0.0,0
614.7841,0.0,0.0,0
615.75995,0.0,0.0,0
616.7358,0.0,0.0,0
617.7116,0.0,0.0,0
618.6875,0.0,0.0,0
619.6633,0.0,0.0,0
620.63916,0.0,0.0,0
621.61505,0.0,0.0,0
622.5909,0.0,0.0,0
623.5667,0.0,0.0,0
624.54254,0.0,0.0,0
625.51843,0.0,0.0,0
626.49426,0.0,0.0,0
627.4701,0.0,0.0,0
628.446,0.0,0.0,0
629.4218,0.0,0.0,0
630.39764,0.0,0.0,0
631.37354,0.0,0.0,0
632.34937,0.0,0.0,0
633.3252,0.0,0.0,0
634.301,0.0,0.0,0
635.2769,0.0,0.0,0
636.25275,0.0,0.0,0
637.2286,0.0,0.0,0
638.20447,0.0,0.0,0
639.1803,0.0,0.0,0
640.1561,0.0,0.0,0
641.13196,0.0,0.0,0
642.10785,0.0,0.0,0
643.0837,0.0,0.0,0
644.0595,0.0,0.0,0
645.0354,0.0,0.0,0
646.0112,0.0,0.0,0
646.98706,0.0,0.0,0
647.9629,0.0,0.0,0
648.9388,0.0,0.0,0
649.9146,0.0,0.0,0
650.89044,0.0,0.0,0
651.86633,0.0,0.0,0
652.84216,0.0,0.0,0
653.818,0.0,0.0,0
654.7938,0.0,0.0,0
655.7697,0.0,0.0,0
656.74554,0.0,0.0,0
657.7214,0.0,0.0,0
658.69727,0.0,0.0,0
659.6731,0.0,0.0,0
660.6489,0.0,0.0,0
661.6248,0.0,0.0,0
662.60065,0.0,0.0,0
663.5765,0.0,0.0,0
664.5523,0.0,0.0,0
665.5282,0.0,0.0,0
666.504,0.0,0.0,0
667.47986,0.0,0.0,0
668.45575,0.0,0.0,0
669.4316,0.0,0.0,0
670.4074,0.0,0.0,0
671.38324,0.0,0.0,0
672.35913,0.0,0.0,0
673.33496,0.0,0.0,0
674.3108,0.0,0.0,0
675.2867,0.0,0.0,0
676.2625,0.0,0.0,0
677.23834,0.0,0.0,0
678.2142,0.0,0.0,0
679.19006,0.0,0.0,0
680.1659,0.0,0.0,0
681.1417,0.0,0.0,0
682.1176,0.0,0.0,0
683.09344,0.0,0.0,0
684.0693,0.0,0.0,0
685.0451,0.0,0.0,0
686.021,0.0,0.0,0
686.9968,0.0,0.0,0
687.97266,0.0,0.0,0
688.94855,0.0,0.0,0
689.9244,0.0,0.0,0
690.9002,0.0,0.0,0
691.87604,0.0,0.0,0
692.8519,0.0,0.0,0
693.82776,0.0,0.0,0
694.8036,0.0,0.0,0
695.7795,0.0,0.0,0
696.7553,0.0,0.0,0
697.73114,0.0,0.0,0
698.70703,0.0,0.0,0
699.68286,0.0,0.0,0
700.6587,0.0,0.0,0
701.6345,0.0,0.0,0
702.6104,0.0,0.0,0
703.58624,0.0,0.0,0
704.5621,0.0,0.0,0
705.53796,0.0,0.0,0
706.5138,0.0,0.0,0
707.4896,0.0,0.0,0
708.46545,0.0,0.0,0
709.44135,0.0,0.0,0
710.4172,0.0,0.0,0
711.393,0.0,0.0,0
712.3689,0.0,0.0,0
713.3447,0.0,0.0,0
714.32056,0.0,0.0,0
715.2964,0.0,0.0,0
716.2723,0.0,0.0,0
717.2481,0.0,0.0,0
718.22394,0.0,0.0,0
719.1998,0.0,0.0,0
720.17566,0.0,0.0,0
721.1515,0.0,0.0,0
722.1273,0.0,0.0,0
723.1032,0.0,0.0,0
724.07904,0.0,0.0,0
725.0549,0.0,0.0,0
726.03076,0.0,0.0,0
727.0066,0.0,0.0,0
727.9824,0.0,0.0,0
728.9583,0.0,0.0,0
729.93414,0.0,0.0,0
730.91,0.0,0.0,0
731.8858,0.0,0.0,0
732.8617,0.0,0.0,0
733.8375,0.0,0.0,0
734.81335,0.0,0.0,0
735.78925,0.0,0.0,0
736.7651,0.0,0.0,0
737.7409,0.0,0.0,0
738.71674,0.0,0.0,0
739.6926,0.0,0.0,0
740.66846,0.0,0.0,0
741.6443,0.0,0.0,0
742.6202,0.0,0.0,0
743.596,0.0,0.0,0
744.57184,0.0,0.0,0
745.54767,0.0,0.0,0
746.52356,0.0,0.0,0
747.4994,0.0,0.0,0
748.4752,0.0,0.0,0
749.4511,0.0,0.0,0
750.42694,0.0,0.0,0
751.4028,0.0,0.0,0
752.3786,0.0,0.0,0
753.3545,0.0,0.0,0
754.3303,0.0,0.0,0
755.30615,0.0,0.0,0
756.28204,0.0,0.0,0
757.2579,0.0,0.0,0
758.2337,0.0,0.0,0
759.20953,0.0,0.0,0
760.1854,0.0,0.0,0
761.16125,0.0,0.0,0
762.1371,0.0,0.0,0
763.113,0.0,0.0,1
764.0888,0.0,0.0,1
765.06464,0.0,0.0,1
766.0405,0.0,0.0,1
767.01636,0.0,0.0,1
767.9922,0.0,0.0,1
768.968,0.0,0.0,1
769.9439,0.0,0.0,1
770.91974,0.0,0.0,1
771.89557,0.0,0.0,1
772.87146,0.0,0.0,1
773.8473,0.0,0.0,1
774.8231,0.0,0.0,1
775.79895,0.0,0.0,1
776.77484,0.0,0.0,1
777.7507,0.0,0.0,1
778.7265,0.0,0.0,1
779.7024,0.0,0.0,1
780.6782,0.0,0.0,1
781.65405,0.0,0.0,1
782.6299,0.0,0.0,1
783.6058,0.0,0.0,1
784.5816,0.0,0.0,1
785.55743,0.0,0.0,1
786.5333,0.0,0.0,1
787.50916,0.0,0.0,1
788.485,0.0,0.0,1
789.4608,0.0,0.0,1
790.4367,0.0,0.0,1
791.41254,0.0,0.0,1
792.38837,0.0,0.0,1
793.36426,0.0,0.0,1
794.3401,0.0,0.0,1
795.3159,0.0,0.0,1
796.29175,0.0,0.0,1
797.26764,0.0,0.0,1
798.24347,0.0,0.0,1
799.2193,0.0,0.0,1
800.1952,0.0,0.0,1
801.171,0.0,0.0,1
802.14685,0.0,0.0,1
803.12274,0.0,0.0,1
804.0986,0.0,0.0,1
805.0744,0.0,0.0,1
806.05023,0.0,0.0,1
807.0261,0.0,0.0,1
808.00195,0.0,0.0,1
808.9778,0.0,0.0,1
809.9537,0.0,0.0,1
810.9295,0.0,0.0,1
811.90533,0.0,0.0,1
812.88116,0.0,0.0,1
813.85706,0.0,0.0,1
814.8329,0.0,0.0,1
815.8087,0.0,0.0,1
816.7846,0.0,0.0,1
817.76044,0.0,0.0,1
818.73627,0.0,0.0,1
819.7121,0.0,0.0,1
820.688,0.0,0.0,1
821.6638,0.0,0.0,1
822.63965,0.0,0.0,1
823.61554,0.0,0.0,1
824.5914,0.0,0.0,1
825.5672,0.0,0.0,1
826.543,0.0,0.0,1
827.5189,0.0,0.0,1
828.49475,0.0,0.0,1
829.4706,0.0,0.0,1
830.4465,0.0,0.0,1
831.4223,0.0,0.0,1
832.39813,0.0,0.0,1
833.374,0.0,0.0,1
834.34985,0.0,0.0,1
835.3257,0.0,0.0,1
836.3015,0.0,0.0,1
837.2774,0.0,0.0,1
838.25323,0.0,0.0,1
839.22906,0.0,0.0,1
840.20496,0.0,0.0,1
841.1808,0.0,0.0,1
842.1566,0.0,0.0,1
843.13245,0.0,0.0,1
844.10834,0.0,0.0,1
845.08417,0.0,0.0,1
846.06,0.0,0.0,1
847.0359,0.0,0.0,1
848.0117,0.0,0.0,1
848.98755,0.0,0.0,1
849.9634,0.0,0.0,1
850.9393,0.0,0.0,1
851.9151,0.0,0.0,1
852.8909,0.0,0.0,1
853.8668,0.0,0.0,1
854.84265,0.0,0.0,1
855.8185,0.0,0.0,1
856.7943,0.0,0.0,1
857.7702,0.0,0.0,1
858.74603,0.0,0.0,1
859.72186,0.0,0.0,1
860.69775,0.0,0.0,1
861.6736,0.0,0.0,1
862.6494,0.0,0.0,1
863.62524,0.0,0.0,1
864.60114,0.0,0.0,1
865.57697,0.0,0.0,1
866.5528,0.0,0.0,1
867.5287,0.0,0.0,1
868.5045,0.0,0.0,1
869.48035,0.0,0.0,1
870.45624,0.0,0.0,1
871.43207,0.0,0.0,1
872.4079,0.0,0.0,1
873.3837,0.0,0.0,1
874.3596,0.0,0.0,1
875.33545,0.0,0.0,1
876.3113,0.0,0.0,1
877.2872,0.0,0.0,1
878.263,0.0,0.0,1
879.23883,0.0,0.0,1
880.21466,0.0,0.0,1
881.19055,0.0,0.0,1
882.1664,0.0,0.0,1
883.1422,0.0,0.0,1
884.1181,0.0,0.0,1
885.09393,0.0,0.0,1
886.06976,0.0,0.0,1
887.0456,0.0,0.0,1
888.0215,0.0,0.0,1
888.9973,0.0,0.0,1
889.97314,0.0,0.0,1
890.94904,0.0,0.0,1
891.92487,0.0,0.0,1
892.9007,0.0,0.0,1
893.8765,0.0,0.0,1
894.8524,0.0,0.0,1
895.82825,0.0,0.0,1
896.8041,0.0,0.0,1
897.77997,0.0,0.0,1
898.7558,0.0,0.0,1
899.7316,0.0,0.0,1
900.7075,0.0,0.0,1
901.68335,0.0,0.0,1
902.6592,0.0,0.0,1
903.635,0.0,0.0,1
904.6109,0.0,0.0,1
905.58673,0.0,0.0,1
906.56256,0.0,0.0,1
907.53845,0.0,0.0,1
908.5143,0.0,0.0,1
909.4901,0.0,0.0,1
910.46594,0.0,0.0,1
911.44183,0.0,0.0,1
912.41766,0.0,0.0,1
913.3935,0.0,0.0,1
914.3694,0.0,0.0,1
915.3452,0.0,0.0,1
916.32104,0.0,0.0,1
917.2969,0.0,0.0,1
918.27277,0.0,0.0,1
919.2486,0.0,0.0,1
920.2244,0.0,0.0,1
921.2003,0.0,0.0,1
922.17615,0.0,0.0,1
923.152,0.0,0.0,1
924.1278,0.0,0.0,1
925.1037,0.0,0.0,1
926.0795,0.0,0.0,1
927.05536,0.0,0.0,1
928.03125,0.0,0.0,1
929.0071,0.0,0.0,1
929.9829,0.0,0.0,1
930.95874,0.0,0.0,1
931.93463,0.0,0.0,1
932.91046,0.0,0.0,1
933.8863,0.0,0.0,1
934.8622,0.0,0.0,1
935.838,0.0,0.0,1
936.81384,0.0,0.0,1
937.78973,0.0,0.0,1
938.76556,0.0,0.0,1
939.7414,0.0,0.0,1
940.7172,0.0,0.0,1
941.6931,0.0,0.0,1
942.66895,0.0,0.0,1
943.6448,0.0,0.0,1
944.62067,0.0,0.0,1
945.5965,0.0,0.0,1
946.5723,0.0,0.0,1
947.54816,0.0,0.0,1
948.52405,0.0,0.0,1
949.4999,0.0,0.0,1
950.4757,0.0,0.0,1
951.4516,0.0,0.0,1
952.4274,0.0,0.0,1
953.40326,0.0,0.30105475,1
954.3791,0.025263416,0.796924,1
955.355,0.066878065,0.62549585,1
956.3308,0.07775631,0.1293948,1
957.30664,0.0777364,0.23136827,1
958.28253,0.09717372,0.45772642,1
959.25836,0.11614835,0.5622872,1
960.2342,0.14435881,0.6240499,1
961.21,0.16851634,0.39405558,1
962.1859,0.1774266,0.23213018,1
963.16174,0.18799634,0.37066922,1
964.1376,0.20853181,0.29650447,1
965.11346,0.2128777,0.45455462,1
966.0893,0.2466757,0.63443613,1
967.0651,0.26611727,0.1630427,1
968.041,0.26035652,0.20257507,1
969.01685,0.28311536,0.27131513,1
969.9927,0.2831243,0.48478326,1
970.9685,0.3237966,0.8079638,1
971.9444,0.35092697,0.5306549,1
972.9202,0.3683292,0.34236053,1
973.89606,0.3796566,0.6181158,1
974.87195,0.4202027,0.762245,1
975.8478,0.44362447,0.5592703,1
976.8236,0.46713462,0.506646,1
977.79944,0.48614037,0.09392592,1
978.7753,0.47501493,-0.3065554,1
979.75116,0.46041474,0.41889018,1
980.727,0.51016665,0.67700696,1
981.7029,0.51722586,0.25256628,1
982.6787,0.5313612,0.38840163,1
983.65454,0.5498191,0.27995348,1
984.6304,0.5548539,0.00054964324,1
985.60626,0.54986465,-0.13334428,1
986.5821,0.54366386,0.07977036,1
987.5579,0.55655867,0.12860404,1
988.5338,0.5544553,0.030152056,1
989.50964,0.5590885,0.024044294,1
990.4855,0.556473,-0.019702597,1
991.4613,0.55743515,-0.01758789,1
992.4372,0.5549969,-0.0041531683,1
993.413,0.5570863,0.12309305,1
994.38885,0.56532645,-0.12500606,1
995.36475,0.54659426,-0.2691942,1
996.3406,0.542735,-0.03696403,1
997.3164,0.5434924,-0.20712955,1
998.29224,0.5253534,-0.25140807,1
999.2681,0.5223955,-0.22055319,1
1000.24396,0.50684553,-0.14163122,1
1001.2198,0.51051027,0.06551775,1
1002.1957,0.51234365,-0.088844664,1
1003.1715,0.5030552,-0.16952647,1
1004.14734,0.4981176,-0.10146775,1
1005.1232,0.49454027,0.011335959,1
1006.09906,0.49906835,-0.1583787,1
1007.0749,0.4812497,-0.2076189,1
1008.0507,0.4816457,0.02697376,1
1009.0266,0.48351344,-0.051988766,1
1010.00244,0.47728333,0.008650123,1
1010.9783,0.48423934,0.12836215,1
1011.95416,0.4880552,0.046809435,1
1012.93,0.48816773,0.035125185,1
1013.9058,0.4910028,0.13545068,1
1014.88165,0.49953428,0.05665484,1
1015.85754,0.4957565,-0.15076686,1
1016.8334,0.48688236,0.15223731,1
1017.8092,0.50853175,0.31911123,1
1018.7851,0.51366085,0.24271913,1
1019.7609,0.52889985,0.3308277,1
1020.73676,0.5414227,0.40708533,1
1021.7126,0.56306094,0.6294143,1
1022.6885,0.59424317,0.44276986,1
1023.6643,0.60021925,0.2163924,1
1024.6401,0.6124021,0.051841132,1
1025.616,0.60456955,-0.17087737,1
1026.5918,0.59806263,0.33349067,1
1027.5677,0.6325618,0.6784483,1
1028.5436,0.65500057,0.3714237,1
1029.5194,0.6637303,0.005691199,1
1030.4952,0.6554781,-0.017182417,1
1031.4711,0.6622884,0.23721023,1
1032.4469,0.675384,0.08022851,1
1033.4227,0.66902095,0.14693843,1
1034.3987,0.6877185,0.23832822,1
1035.3745,0.689024,0.15609036,1
1036.3503,0.70081705,0.28797147,1
1037.3262,0.71318954,0.035611752,1
1038.302,0.70380545,-0.0028327769,1
1039.2778,0.7129518,0.12557927,1
1040.2537,0.7143436,0.040002663,1
1041.2296,0.716309,0.19929108,1
1042.2054,0.7310668,-0.1169139,1
1043.1813,0.706498,-0.22942927,1
1044.1571,0.7118139,0.03962214,1
1045.1329,0.70982295,-0.12133392,1
1046.1088,0.701632,-0.22713089,1
1047.0846,0.690763,-0.15553172,1
1048.0605,0.6885807,-0.17902982,1
1049.0364,0.6757399,-0.27248996,1
1050.0122,0.6657143,-0.13104452,1
1050.988,0.66474307,-0.21819867,1
1051.9639,0.6474039,-0.32627738,1
1052.9397,0.6373631,-0.3001163,1
1053.9156,0.62221706,-0.11380665,1
1054.8915,0.6278096,-0.07576898,1
1055.8673,0.6158588,-0.030971322,1
1056.8431,0.6252106,0.12220933,1
1057.819,0.6261142,0.0009558109,1
1058.7948,0.6252908,-0.16603176,1
1059.7706,0.61218137,-0.42846042,1
1060.7466,0.5893325,-0.8692806,1
1061.7224,0.5392333,-0.55311644,1
1062.6982,0.542917,-0.20965251,1
1063.6741,0.52164006,-0.25918624,1
1064.6499,0.52116704,-0.08238965,1
1065.6257,0.5147262,-0.11062108,1
1066.6016,0.51188415,-0.3723386,1
1067.5775,0.48347577,-0.6699365,1
1068.5533,0.4556619,-0.66201967,1
1069.5292,0.4279215,-0.54944015,1
1070.505,0.4095549,-0.61970407,1
1071.4808,0.3759182,-0.68775755,1
1072.4567,0.3518408,-0.3286229,1
1073.4325,0.34834138,0.030858692,1
1074.4084,0.35443175,-0.21969788,1
1075.3843,0.3299078,-0.38916615,1
1076.3601,0.32177436,-0.29567516,1
1077.3359,0.30509582,-0.7088034,1
1078.3118,0.26229414,-1.0,1
1079.2876,0.22117947,-0.7089119,1
1080.2634,0.20280485,-0.16388483,1
1081.2394,0.20742889,-0.061163582,1
1082.2152,0.19767371,-0.3433768,1
1083.191,0.17861396,-0.22841819,1
1084.1669,0.17850569,-0.06378859,1
1085.1427,0.17326106,-0.19295736,1
1086.1185,0.16231342,-0.26640284,1
1087.0944,0.1509055,-0.15160987,1
1088.0703,0.14959136,-0.0891687,1
1089.0461,0.14342292,-0.037337445,1
1090.022,0.14645813,-0.16723554,1
1090.9978,0.1293891,-0.3008687,1
1091.9736,0.12121034,-0.19221798,1
1092.9495,0.11325888,-0.06473964,1
1093.9253,0.11577763,-0.07989096,1
1094.9012,0.10655284,-0.046630003,1
1095.8771,0.11186253,-0.004790924,1
1096.8529,0.106150806,0.15702252,1
1097.8287,0.1250393,0.33863968,1
1098.8046,0.13456821,-0.11286167,1
1099.7804,0.11556835,-0.22048259,1
1100.7562,0.11606612,0.15923071,1
1101.7322,0.1289328,0.23472436,1
1102.708,0.13576531,0.107877366,1
1103.6838,0.13798548,-0.07351132,1
1104.6597,0.12959652,-0.03087342,1
1105.6355,0.13539469,0.05927743,1
1106.6113,0.13457085,0.054473944,1
1107.5872,0.13996595,0.068158366,1
1108.5631,0.14029019,-0.08784623,1
1109.539,0.13259473,-0.190734,1
1110.5148,0.12428448,0.104992606,1
1111.4906,0.14140533,0.17258556,1
1112.4664,0.13876723,-0.08180431,1
1113.4423,0.13454062,-0.1293528,1
1114.4181,0.12791242,-0.09470672,1
1115.394,0.12659334,-0.0513433,1
1116.3699,0.123603806,0.013696202,1
1117.3457,0.12774266,-0.0554781,1
1118.3215,0.11894828,0.05881928,1
1119.2974,0.13267857,0.122146256,1
1120.2732,0.12919836,-0.17557299,1
1121.2491,0.11794323,-0.016522914,1
1122.225,0.12780908,0.2439826,1
1123.2008,0.13841736,0.04057362,1
1124.1766,0.13121386,0.027944647,1
1125.1525,0.14076237,0.10824108,1
1126.1283,0.14029706,-0.0007482218,1
1127.1041,0.14069958,0.060052685,1
1128.0801,0.1453373,-0.08559515,1
1129.0559,0.13351834,-0.022918494,1
1130.0317,0.14341405,-0.08815952,1
1131.0076,0.12612031,-0.1505832,1
1131.9834,0.13077766,-0.01505974,1
1132.9592,0.12485655,-0.22748707,1
1133.935,0.11168778,-0.13191351,1
1134.911,0.113788076,-0.041504476,1
1135.8868,0.10820562,-0.31714988,1
1136.8627,0.08717401,-0.2144812,1
1137.8385,0.09020714,0.07343386,1
1138.8143,0.093336314,-0.09597781,1
1139.7902,0.08215303,-0.12540019,1
1140.766,0.08281319,0.018651396,1
1141.742,0.08371832,-0.089770764,1
1142.7178,0.075280644,-0.18845798,1
1143.6936,0.067903616,0.055986155,1
1144.6694,0.0799788,0.06034258,1
1145.6453,0.07296735,-0.23547591,1
1146.6211,0.06021852,-0.065980926,1
1147.5969,0.06743047,0.0049726944,1
1148.5729,0.06063409,-0.13589552,1
1149.5487,0.05602562,-0.047746923,1
1150.5245,0.056627344,0.08811109,1
1151.5004,0.06341958,0.009848179,1
1152.4762,0.057453766,-0.051452596,1
1153.452,0.059101865,0.18205023,1
1154.4279,0.07273076,0.0024165155,1
1155.4038,0.05930128,-0.2574769,1
1156.3796,0.051122222,0.003460006,1
1157.3555,0.05959163,-0.0008049276,1
1158.3313,0.051054675,-0.123883255,1
1159.3071,0.0491958,0.11761516,1
1160.283,0.06092451,0.05021304,1
1161.2588,0.053409494,-0.089773275,1
1162.2347,0.05339154,-0.23171426,1
1163.2106,0.03396609,-0.17145096,1
1164.1864,0.039003998,0.08299331,1
1165.1622,0.040930588,-0.1367345,1
1166.1381,0.027529739,0.23388165,1
1167.1139,0.060557082,-0.0051047555,1
1168.0897,0.027101368,-0.23629093,1
1169.0657,0.040733065,-0.19967598,1
1170.0415,0.010349747,-0.20722142,1
1171.0173,0.023343801,0.22317994,1
1171.9932,0.029078193,-0.023151122,1
1172.969,0.021401044,-0.1261318,1
1173.9448,0.018493673,-0.124052346,1
1174.9207,0.010991024,-0.06114374,1
1175.8966,0.013363628,-0.0016731131,1
1176.8724,0.010851224,0.14071298,1
1177.8483,0.025171747,0.0040478357,1
1178.8241,0.011190903,-0.18060747,1
1179.7999,0.010015827,-0.13335784,1
1180.7758,0.0,-0.119354896,1
1181.7516,0.0,0.0,1
1182.7275,0.0,0.0,1
1183.7034,0.0,0.0,1
1184.6792,0.0,0.0,1
1185.655,0.0,0.0,1
1186.6309,0.0,0.0,1
1187.6067,0.0,0.06453598,1
1188.5826,0.0054166405,-1.6147114e-05,1
1189.5585,0.0,-0.0645481,1
1190.5343,0.0,0.0,1
1191.5101,0.0,0.0,1
1192.486,0.0,0.0,1
1193.4618,0.0,0.0,1
1194.4376,0.0,0.014041935,1
1195.4136,0.0011785692,-3.5133387e-06,1
1196.3894,0.0,-0.014044572,1
1197.3652,0.0,0.0154832285,1
1198.3411,0.001299296,0.0,1
1199.3169,0.0,-0.0154832285,1
1200.2927,0.0,0.0,1
1201.2686,0.0,0.0,1
1202.2445,0.0,0.0,1
1203.2203,0.0,0.0,1
1204.1962,0.0,0.0,1
1205.172,0.0,0.0757207,1
1206.1478,0.006354205,0.1963377,1
1207.1237,0.016475944,0.17007105,1
1208.0995,0.020625947,0.08336348,1
1209.0754,0.023471778,-0.15698956,1
1210.0513,0.007453491,-0.18803304,1
1211.0271,0.0076927305,-0.05274226,1
1212.0029,0.0030275525,0.1529222,1
1212.9788,0.020525403,-0.03607822,1
1213.9546,0.0,-0.15104675,1
1214.9304,0.007850111,2.340134e-05,1
1215.9064,0.0,-0.093529314,1
1216.8822,0.0,0.09024718,1
1217.858,0.007573214,0.10419449,1
1218.8339,0.008743621,-0.09024718,1
1219.8097,0.0,0.027429052,1
1220.7855,0.011045367,0.24483152,1
1221.7614,0.020545367,0.105497055,1
1222.7373,0.01989758,-0.057279818,1
1223.7131,0.01573879,-0.10684476,1
1224.689,0.010931558,-0.06227821,1
1225.6648,0.01051263,-0.034677505,1
1226.6406,0.008021548,0.09112645,1
1227.6165,0.01815963,0.19672027,1
1228.5923,0.024529597,0.05287535,1
1229.5682,0.022595977,-0.09907224,1
1230.5441,0.016215852,-0.10208798,1
1231.5199,0.014029127,0.07913184,1
1232.4957,0.022856306,-0.09071872,1
1233.4716,0.0064163436,-0.1940845,1
1234.4474,0.0065694433,0.007249612,1
1235.4232,0.0070247045,-0.019885965,1
1236.3992,0.004900259,0.10007666,1
1237.375,0.015421716,-0.0074007497,1
1238.3508,0.004279215,-0.18377486,1
1239.3267,0.0,0.034728378,1
1240.3025,0.0071934937,0.044594508,1
1241.2783,0.0037422082,-0.03925329,1
1242.2542,0.0038995007,-0.044585675,1
1243.2301,0.0,-0.046460185,1
1244.2059,0.0,0.0,1
1245.1818,0.0,0.0,1
1246.1576,0.0,0.0,1
1247.1334,0.0,0.0,1
1248.1093,0.0,0.0,1
1249.0851,0.0,0.0,1
1250.061,0.0,0.0,1
1251.0369,0.0,0.0,1
1252.0127,0.0,0.0,1
1252.9885,0.0,0.0,1
1253.9644,0.0,0.0,1
1254.9402,0.0,0.0,1
1255.9161,0.0,0.0,1
1256.892,0.0,0.0,1
1257.8678,0.0,0.0,1
1258.8436,0.0,0.0,1
1259.8195,0.0,0.0,1
1260.7953,0.0,0.0,1
1261.7711,0.0,0.0,1
1262.7471,0.0,0.0,1
1263.7229,0.0,0.0,1
1264.6987,0.0,0.0,1
1265.6746,0.0,0.0,1
1266.6504,0.0,0.0,1
1267.6262,0.0,0.0,1
1268.602,0.0,0.0,1
1269.578,0.0,0.0,1
1270.5538,0.0,0.0,1
1271.5297,0.0,0.0,1
1272.5055,0.0,0.0,1
1273.4813,0.0,0.0,1
1274.4572,0.0,0.0,1
1275.433,0.0,0.0,1
1276.4089,0.0,0.0,1
1277.3848,0.0,0.0,1
1278.3606,0.0,0.0,1
1279.3364,0.0,0.0,1
1280.3123,0.0,0.0,1
1281.2881,0.0,0.0,1
1282.2639,0.0,0.0,1
1283.2399,0.0,0.0,1
1284.2157,0.0,0.0,1
1285.1915,0.0,0.0,1
1286.1674,0.0,0.0,1
1287.1432,0.0,0.0,1
1288.119,0.0,0.0,1
1289.0948,0.0,0.0,1
1290.0708,0.0,0.0,1
1291.0466,0.0,0.0,1
1292.0225,0.0,0.0,1
1292.9983,0.0,0.0,1
1293.9741,0.0,0.0,1
1294.95,0.0,0.0,1
1295.9258,0.0,0.0,1
1296.9017,0.0,0.0,1
1297.8776,0.0,0.0,1
1298.8534,0.0,0.0,1
1299.8292,0.0,0.0,1
1300.805,0.0,0.0,1
1301.7809,0.0,0.0,1
1302.7567,0.0,0.0,1
1303.7327,0.0,0.0,1
1304.7085,0.0,0.0,1
1305.6843,0.0,0.0,1
1306.6602,0.0,0.0,1
1307.636,0.0,0.0,1
1308.6118,0.0,0.0,1
1309.5876,0.0,0.0,1
1310.5636,0.0,0.0,1
1311.5394,0.0,0.0,1
1312.5153,0.0,0.0,1
1313.4911,0.0,0.0,1
1314.4669,0.0,0.0,1
1315.4427,0.0,0.0,1
1316.4186,0.0,0.0,1
1317.3945,0.0,0.0,1
1318.3704,0.0,0.0,1
1319.3462,0.0,0.0,1
1320.322,0.0,0.0,1
1321.2979,0.0,0.0,1
1322.2737,0.0,0.0,1
1323.2496,0.0,0.0,1
1324.2255,0.0,0.0,1
1325.2013,0.0,0.0,1
1326.1771,0.0,0.0,1
1327.153,0.0,0.0,1
1328.1288,0.0,0.0,1
1329.1046,0.0,0.0,1
1330.0806,0.0,0.0,1
1331.0564,0.0,0.0,1
1332.0322,0.0,0.0,1
1333.008,0.0,0.0,1
1333.9839,0.0,0.0,1
1334.9597,0.0,0.0,1
1335.9355,0.0,0.0,1
1336.9115,0.0,0.0,1
1337.8873,0.0,0.0,1
1338.8632,0.0,0.0,1
1339.839,0.0,0.0,1
1340.8148,0.0,0.0,1
1341.7906,0.0,0.0,1
1342.7665,0.0,0.0,1
1343.7424,0.0,0.0,1
1344.7183,0.0,0.0,1
1345.6941,0.0,0.0,1
1346.6699,0.0,0.0,1
1347.6458,0.0,0.0,1
1348.6216,0.0,0.0,1
1349.5974,0.0,0.0,1
1350.5734,0.0,0.0,1
1351.5492,0.0,0.0,1
1352.525,0.0,0.0,1
1353.5009,0.0,0.0,1
1354.4767,0.0,0.0,1
1355.4525,0.0,0.0,1
1356.4283,0.0,0.0,1
1357.4043,0.0,0.0,1
1358.3801,0.0,0.0,1
1359.356,0.0,0.0,1
1360.3318,0.0,0.0,1
1361.3076,0.0,0.0,1
1362.2834,0.0,0.0,1
1363.2593,0.0,0.0,1
1364.2352,0.0,0.0,1
1365.211,0.0,0.0,1
1366.1869,0.0,0.0,1
1367.1627,0.0,0.0,1
1368.1385,0.0,0.0,1
1369.1144,0.0,0.0,1
1370.0902,0.0,0.0,1
1371.0662,0.0,0.0,1
1372.042,0.0,0.0,1
1373.0178,0.0,0.0,1
1373.9937,0.0,0.0,1
1374.9695,0.0,0.0,1
1375.9453,0.0,0.0,1
1376.9211,0.0,0.0,1
1377.8971,0.0,0.0,1
1378.8729,0.0,0.0,1
1379.8488,0.0,0.0,1
1380.8246,0.0,0.0,1
1381.8004,0.0,0.0,1
1382.7762,0.0,0.0,1
1383.7521,0.0,0.0,1
1384.728,0.0,0.0,1
1385.7039,0.0,0.0,1
1386.6797,0.0,0.0,1
1387.6555,0.0,0.0,1
1388.6313,0.0,0.0,1
1389.6072,0.0,0.0,1
1390.5831,0.0,0.0,1
1391.559,0.0,0.0,1
1392.5348,0.0,0.0,1
1393.5106,0.0,0.0,1
1394.4865,0.0,0.0,1
1395.4623,0.0,0.0,1
1396.4381,0.0,0.0,1
1397.4141,0.0,0.0,1
1398.3899,0.0,0.0,1
1399.3657,0.0,0.0,1
1400.3416,0.0,0.0,1
1401.3174,0.0,0.0,1
1402.2932,0.0,0.0,1
1403.269,0.0,0.0,1
1404.245,0.0,0.0,1
1405.2208,0.0,0.0,1
1406.1967,0.0,0.0,1
1407.1725,0.0,0.0,1
1408.1483,0.0,0.0,1
1409.1241,0.0,0.0,1
1410.1,0.0,0.0,1
1411.0759,0.0,0.0,1
1412.0518,0.0,0.0,1
1413.0276,0.0,0.0,1
1414.0034,0.0,0.0,1
1414.9792,0.0,0.0,1
1415.9551,0.0,0.0,1
1416.9309,0.0,0.0,1
1417.9069,0.0,0.0,1
1418.8827,0.0,0.0,1
1419.8585,0.0,0.0,1
1420.8344,0.0,0.0,1
1421.8102,0.0,0.0,1
1422.786,0.0,0.0,1
1423.7618,0.0,0.0,1
1424.7378,0.0,0.0,1
1425.7136,0.0,0.0,1
1426.6895,0.0,0.0,1
1427.6653,0.0,0.0,1
1428.6411,0.0,0.0,1
1429.617,0.0,0.0,1
1430.5928,0.0,0.0,1
1431.5687,0.0,0.0,1
1432.5446,0.0,0.0,1
1433.5204,0.0,0.0,1
1434.4962,0.0,0.0,1
1435.472,0.0,0.0,1
1436.4479,0.0,0.0,1
1437.4237,0.0,0.0,1
1438.3997,0.0,0.0,1
1439.3755,0.0,0.0,1
1440.3513,0.0,0.0,1
1441.3271,0.0,0.0,1
1442.303,0.0,0.0,1
1443.2788,0.0,0.0,1
1444.2546,0.0,0.0,1
1445.2306,0.0,0.0,1
1446.2064,0.0,0.0,1
1447.1823,0.0,0.0,1
1448.1581,0.0,0.0,1
1449.1339,0.0,0.0,1
1450.1097,0.0,0.0,1
1451.0856,0.0,0.0,1
1452.0615,0.0,0.0,1
1453.0374,0.0,0.0,1
1454.0132,0.0,0.0,1
1454.989,0.0,0.0,1
1455.9648,0.0,0.0,1
1456.9407,0.0,0.0,1
1457.9166,0.0,0.0,1
1458.8925,0.0,0.0,1
1459.8683,0.0,0.0,1
1460.8441,0.0,0.0,1
1461.82,0.0,0.0,1
1462.7958,0.0,0.0,1
1463.7716,0.0,0.0,1
1464.7476,0.0,0.0,1
1465.7234,0.0,0.0,1
1466.6992,0.0,0.0,1
1467.675,0.0,0.0,1
1468.6509,0.0,0.0,1
1469.6267,0.0,0.0,1
1470.6025,0.0,0.0,1
1471.5785,0.0,0.0,1
1472.5543,0.0,0.0,1
1473.5302,0.0,0.0,1
1474.506,0.0,0.0,1
1475.4818,0.0,0.0,1
1476.4576,0.0,0.0,1
1477.4335,0.0,0.0,1
1478.4094,0.0,0.0,1
1479.3853,0.0,0.0,1
1480.3611,0.0,0.0,1
1481.3369,0.0,0.0,1
1482.3127,0.0,0.0,1
1483.2886,0.0,0.0,1
1484.2644,0.0,0.0,1
1485.2404,0.0,0.0,1
1486.2162,0.0,0.0,1
1487.192,0.0,0.0,1
1488.1678,0.0,0.0,1
1489.1437,0.0,0.0,1
1490.1195,0.0,0.0,1
1491.0953,0.0,0.0,1
1492.0713,0.0,0.0,1
1493.0471,0.0,0.0,1
1494.023,0.0,0.0,1
1494.9988,0.0,0.0,1
1495.9746,0.0,0.0,1
1496.9504,0.0,0.0,1
1497.9263,0.0,0.0,1
1498.9022,0.0,0.0,1
1499.878,0.0,0.0,1
1500.8539,0.0,0.0,1
1501.8297,0.0,0.0,1
1502.8055,0.0,0.0,1
1503.7814,0.0,0.0,1
1504.7572,0.0,0.0,1
1505.7332,0.0,0.0,1
1506.709,0.0,0.0,1
1507.6848,0.0,0.0,1
1508.6606,0.0,0.0,1
1509.6365,0.0,0.0,1
1510.6123,0.0,0.0,1
1511.5881,0.0,0.0,1
1512.5641,0.0,0.0,1
1513.5399,0.0,0.0,1
1514.5157,0.0,0.0,1
1515.4916,0.0,0.0,1
1516.4674,0.0,0.0,1
1517.4432,0.0,0.0,1
1518.4191,0.0,0.0,1
1519.395,0.0,0.0,1
1520.3708,0.0,0.0,1
1521.3467,0.0,0.0,1
1522.3225,0.0,0.0,1
1523.2983,0.0,0.0,1
1524.2742,0.0,0.0,1
1525.25,0.0,0.0,1
1526.226,0.0,0.0,1
1527.2018,0.0,0.0,1
1528.1776,0.0,0.0,1
1529.1534,0.0,0.0,1
1530.1293,0.0,0.0,1
1531.1051,0.0,0.0,1
1532.081,0.0,0.0,1
1533.0569,0.0,0.0,1
1534.0327,0.0,0.0,1
1535.0085,0.0,0.0,1
1535.9844,0.0,0.0,1
1536.9602,0.0,0.0,1
1537.936,0.0,0.0,1
1538.912,0.0,0.0,1
1539.8878,0.0,0.0,1
1540.8636,0.0,0.0,1
1541.8395,0.0,0.0,1
1542.8153,0.0,0.0,1
1543.7911,0.0,0.0,1
1544.767,0.0,0.0,1
1545.7429,0.0,0.0,1
1546.7188,0.0,0.0,1
1547.6946,0.0,0.0,1
1548.6704,0.0,0.0,1
1549.6462,0.0,0.0,1
1550.6221,0.0,0.0,1
1551.5979,0.0,0.0,1
1552.5739,0.0,0.0,1
1553.5497,0.0,0.0,1
1554.5255,0.0,0.0,1
1555.5013,0.0,0.0,1
1556.4772,0.0,0.0073301625,1
1557.453,0.00061512046,0.0,1
1558.4288,0.0,-0.007330621,1
1559.4048,0.0,0.0,1
1560.3806,0.0,0.0,1
1561.3564,0.0,0.0,1
1562.3323,0.0,0.0,1
1563.3081,0.0,0.02244117,1
1564.2839,0.001883181,0.0,1
1565.2598,0.0,-0.022442574,1
1566.2357,0.0,0.0,1
1567.2115,0.0,0.039541725,1
1568.1874,0.003318197,0.20973471,1
1569.1632,0.017600171,0.11501612,1
1570.139,0.012969931,-0.11984441,1
1571.1149,0.0075432668,0.05447885,1
1572.0907,0.017541597,0.20582914,1
1573.0667,0.024816437,0.13517745,1
1574.0425,0.028886303,-0.045755375,1
1575.0183,0.020976812,0.074272774,1
1575.9941,0.035119005,0.06359077,1
1576.97,0.026313117,0.018460788,1
1577.9458,0.036668167,0.020831818,1
1578.9216,0.028061248,0.03454132,1
1579.8976,0.039569445,0.036560394,1
1580.8734,0.031131947,0.044603195,1
1581.8492,0.043312382,0.090309575,1
1582.8251,0.0387104,-0.05483445,1
1583.8009,0.038710874,-0.021033168,1
1584.7767,0.036945373,0.08839956,1
1585.7526,0.046129044,0.0030298824,1
1586.7285,0.03719738,0.04517402,1
1587.7043,0.049917407,0.06289664,1
1588.6802,0.04247544,0.00271486,1
1589.656,0.050145227,0.16593608,1
1590.6318,0.056400187,0.03408477,1
1591.6077,0.053005498,0.04047684,1
1592.5835,0.05979686,0.10467299,1
1593.5594,0.06178923,-0.088871956,1
1594.5353,0.05234001,-0.009933346,1
1595.5111,0.06095566,0.12041203,1
1596.4869,0.062444545,0.019547945,1
1597.4628,0.06259605,-0.06766486,1
1598.4386,0.05676636,0.20887838,1
1599.4146,0.08012912,0.27588564,1
1600.3904,0.079922065,-0.10958703,1
1601.3662,0.07093298,-0.1557964,1
1602.342,0.0668482,0.026456866,1
1603.3179,0.07315314,0.19115222,1
1604.2937,0.082889,0.21298745,1
1605.2695,0.09102627,-0.02702661,1
1606.2455,0.08061857,-0.08998736,1
1607.2213,0.08347272,0.13303931,1
1608.1971,0.09178274,0.15562026,1
1609.173,0.0965318,-0.051734824,1
1610.1488,0.08744134,-0.1702273,1
1611.1246,0.08224695,-0.037787713,1
1612.1005,0.084270336,0.091785915,1
1613.0764,0.08995023,-0.06283972,1
1614.0522,0.078998804,-0.053094637,1
1615.0281,0.08549473,-0.03204869,1
1616.0039,0.07630939,-0.12980652,1
1616.9797,0.07460184,-0.11124055,1
1617.9556,0.06697449,-0.044589117,1
1618.9314,0.07086008,-0.038909785,1
1619.9073,0.06370774,0.048803452,1
1620.8832,0.07495344,0.00914527,1
1621.859,0.06447518,-0.06672473,1
1622.8348,0.06935414,-0.045371864,1
1623.8107,0.060667735,-0.084650695,1
1624.7865,0.062250566,0.23290384,1
1625.7623,0.080212176,0.017412791,1
1626.7383,0.06370757,-0.20238958,1
1627.7141,0.063225314,0.095843785,1
1628.69,0.071750425,0.07162214,1
1629.6658,0.06923558,-0.1286559,1
1630.6416,0.06095409,-0.14960268,1
1631.6174,0.05668147,0.07480411,1
1632.5933,0.06723138,0.15697193,1
1633.5692,0.06985382,-0.083091475,1
1634.545,0.060259733,-0.0043950668,1
1635.5209,0.069485,0.16635615,1
1636.4967,0.07421973,0.12083219,1
1637.4725,0.0796248,0.035566356,1
1638.4484,0.07720433,0.10741012,1
1639.4242,0.08863826,0.24266239,1
1640.4001,0.09756863,-0.19729775,1
1641.376,0.072085015,-0.19638267,1
1642.3518,0.081088915,-0.18849406,1
1643.3276,0.05626728,-0.3615836,1
1644.3035,0.050746143,-0.19685668,1
1645.2793,0.039747786,-0.011977441,1
1646.2551,0.049741037,0.24331543,1
1647.2311,0.06016726,-0.122229345,1
1648.2069,0.039487243,-0.1364232,1
1649.1827,0.048719123,-0.011959722,1
1650.1586,0.038483627,-0.055233777,1
1651.1344,0.044084106,-0.11842865,1
1652.1102,0.028545529,-0.08334499,1
1653.086,0.0370901,0.062487546,1
1654.062,0.033788104,0.011841026,1
1655.0378,0.038082864,0.057169657,1
1656.0137,0.03858557,0.08020126,1
1656.9895,0.04481306,-0.095793225,1
1657.9653,0.030546954,-0.2510024,1
1658.9412,0.023749854,0.026063954,1
1659.917,0.032734144,0.08650654,1
1660.893,0.031008283,-0.11622641,1
1661.8688,0.022981025,-0.014228127,1
1662.8446,0.029814309,0.103706196,1
1663.8204,0.031683672,0.03801839,1
1664.7963,0.033004675,-0.07672581,1
1665.7721,0.02524512,-0.12384581,1
1666.748,0.022611983,-0.01243427,1
1667.7239,0.024201088,-0.088372976,1
1668.6997,0.015196046,-0.1920731,1
1669.6755,0.008083013,0.0076685585,1
1670.6514,0.015839564,-0.054518413,1
1671.6272,0.0035080265,-0.025417231,1
1672.603,0.013706642,-0.009370214,1
1673.579,0.0027190133,-0.16331442,1
1674.5548,0.0,-0.032401472,1
1675.5306,0.0,0.0,1
1676.5065,0.0,0.0,1
1677.4823,0.0,0.12121242,1
1678.4581,0.010171704,0.0,1
1679.434,0.0,-0.022440925,1
1680.4099,0.008290736,-2.4714853e-05,1
1681.3857,0.0,-0.09879763,1
1682.3616,0.0,0.0,1
1683.3374,0.0,0.0,1
1684.3132,0.0,0.0,1
1685.2891,0.0,0.0,1
1686.2649,0.0,0.0,1
1687.2408,0.0,0.0,1
1688.2167,0.0,0.0,1
1689.1925,0.0,0.0,1
1690.1683,0.0,0.0,1
1691.1442,0.0,0.0,1
1692.12,0.0,0.0,1
1693.0958,0.0,0.0,1
1694.0718,0.0,0.0,1
1695.0476,0.0,0.0,1
1696.0234,0.0,0.0,1
1696.9993,0.0,0.0,1
1697.9751,0.0,0.0,1
1698.9509,0.0,0.0,1
1699.9268,0.0,0.0,1
1700.9027,0.0,0.0008156849,1
1701.8785,6.844501e-05,0.0,1
1702.8544,0.0,-0.0008156338,1
1703.8302,0.0,0.0,1
1704.806,0.0,0.0,1
1705.7819,0.0,0.0,1
1706.7577,0.0,0.0,1
1707.7336,0.0,0.0,1
1708.7095,0.0,0.0,1
1709.6853,0.0,0.0,1
1710.6611,0.0,0.0,1
1711.637,0.0,0.0,1
1712.6128,0.0,0.0,1
1713.5886,0.0,0.0,1
1714.5646,0.0,0.0,1
1715.5404,0.0,0.0,1
1716.5162,0.0,0.0,1
1717.4921,0.0,0.0,1
1718.4679,0.0,0.0,1
1719.4437,0.0,0.0,1
1720.4196,0.0,0.0,1
1721.3955,0.0,0.0,1
1722.3713,0.0,0.0,1
1723.3472,0.0,0.0,1
1724.323,0.0,0.0,1
1725.2988,0.0,0.0,1
1726.2747,0.0,0.0,1
1727.2505,0.0,0.0,1
1728.2264,0.0,0.0,1
1729.2023,0.0,0.0,1
1730.1781,0.0,0.0,1
1731.1539,0.0,0.0,1
1732.1298,0.0,0.0,1
1733.1056,0.0,0.0,1
1734.0815,0.0,0.0,1
1735.0574,0.0,0.0,1
1736.0332,0.0,0.0,1
1737.009,0.0,0.0,1
1737.9849,0.0,0.0,1
1738.9607,0.0,0.0,1
1739.9365,0.0,0.0,1
1740.9125,0.0,0.0,1
1741.8883,0.0,0.0,1
1742.8641,0.0,0.0,1
1743.84,0.0,0.0,1
1744.8158,0.0,0.0,1
1745.7916,0.0,0.0,1
1746.7675,0.0,0.0,1
1747.7434,0.0,0.0,1
1748.7192,0.0,0.0,1
1749.6951,0.0,0.0,1
1750.6709,0.0,0.0,1
1751.6467,0.0,0.0,1
1752.6226,0.0,0.0,1
1753.5984,0.0,0.0,1
1754.5743,0.0,0.0,1
1755.5502,0.0,0.0,1
1756.526,0.0,0.0,1
1757.5018,0.0,0.0,1
1758.4777,0.0,0.0,1
1759.4535,0.0,0.0,1
1760.4293,0.0,0.0,1
1761.4053,0.0,0.0,1
1762.3811,0.0,0.0,1
1763.3569,0.0,0.0,1
1764.3328,0.0,0.0,1
1765.3086,0.0,0.0,1
1766.2844,0.0,0.0,1
1767.2603,0.0,0.0,1
1768.2362,0.0,0.0,1
1769.212,0.0,0.0,1
1770.1879,0.0,0.0,1
1771.1637,0.0,0.0,1
1772.1395,0.0,0.0,1
1773.1154,0.0,0.0,1
1774.0912,0.0,0.0,1
1775.0671,0.0,0.0,1
1776.043,0.0,0.0,1
1777.0188,0.0,0.0,1
1777.9946,0.0,0.0,1
1778.9705,0.0,0.0,1
1779.9463,0.0,0.0,1
1780.9221,0.0,0.0,1
1781.8981,0.0,0.0,1
1782.8739,0.0,0.0,1
1783.8497,0.0,0.0,1
1784.8256,0.0,0.0,1
1785.8014,0.0,0.0,1
1786.7772,0.0,0.0,1
1787.753,0.0,0.0,1
1788.729,0.0,0.0,1
1789.7048,0.0,0.0,1
1790.6807,0.0,0.0,1
1791.6565,0.0,0.0,1
1792.6323,0.0,0.0,1
1793.6082,0.0,0.0,1
1794.584,0.0,0.0,1
1795.5599,0.0,0.0,1
1796.5358,0.0,0.0,1
1797.5116,0.0,0.0,1
1798.4874,0.0,0.0,1
1799.4633,0.0,0.0,1
1800.4391,0.0,0.0,1
1801.415,0.0,0.0,1
1802.3909,0.0,0.0,1
1803.3667,0.0,0.0,1
1804.3425,0.0,0.0,1
1805.3184,0.0,0.0,1
1806.2942,0.0,0.0,1
1807.27,0.0,0.0,1
1808.246,0.0,0.0,1
1809.2218,0.0,0.0,1
1810.1976,0.0,0.0,1
1811.1735,0.0,0.0,1
1812.1493,0.0,0.0,1
1813.1251,0.0,0.0,1
1814.101,0.0,0.0,1
1815.0769,0.0,0.0,1
1816.0527,0.0,0.0,1
1817.0286,0.0,0.0,1
1818.0044,0.0,0.0,1
1818.9802,0.0,0.0,1
1819.956,0.0,0.0,1
1820.9319,0.0,0.0,1
1821.9078,0.0,0.0,1
1822.8837,0.0,0.0,1
1823.8595,0.0,0.0,1
1824.8353,0.0,0.0,1
1825.8112,0.0,0.0,1
1826.787,0.0,0.0,1
1827.7628,0.0,0.0,1
1828.7388,0.0,0.0,1
1829.7146,0.0,0.0,1
1830.6904,0.0,0.0,1
1831.6663,0.0,0.0,1
1832.6421,0.0,0.0,1
1833.6179,0.0,0.0,1
1834.5938,0.0,0.0,1
1835.5697,0.0,0.0,1
1836.5455,0.0,0.0,1
1837.5214,0.0,0.0,1
1838.4972,0.0,0.0,1
1839.473,0.0,0.0,1
1840.4489,0.0,0.0,1
1841.4247,0.0,0.0,1
1842.4006,0.0,0.0,1
1843.3765,0.0,0.0,1
1844.3523,0.0,0.0,1
1845.3281,0.0,0.0,1
1846.304,0.0,0.0,1
1847.2798,0.0,0.0,1
1848.2556,0.0,0.0,1
1849.2316,0.0,0.0,1
1850.2074,0.0,0.0,1
1851.1832,0.0,0.0,1
1852.159,0.0,0.0,1
1853.1349,0.0,0.0,1
1854.1107,0.0,0.0,1
1855.0865,0.0,0.0,1
1856.0625,0.0,0.0,1
1857.0383,0.0,0.0,1
1858.0142,0.0,0.0,1
1858.99,0.0,0.0,1
1859.9658,0.0,0.0,1
1860.9417,0.0,0.0,1
1861.9175,0.0,0.0,1
1862.8934,0.0,0.0,1
1863.8693,0.0,0.0,1
1864.8451,0.0,0.0,1
1865.8209,0.0,0.0,1
1866.7968,0.0,0.0,1
1867.7726,0.0,0.0,1
1868.7485,0.0,0.0,1
1869.7244,0.0,0.0,1
1870.7002,0.0,0.0,1
1871.676,0.0,0.0,1
1872.6519,0.0,0.0,1
1873.6277,0.0,0.0,1
1874.6035,0.0,0.0,1
1875.5795,0.0,0.0,1
1876.5553,0.0,0.0,1
1877.5311,0.0,0.0,1
1878.507,0.0,0.0,1
1879.4828,0.0,0.0,1
1880.4586,0.0,0.0,1
1881.4344,0.0,0.0,1
1882.4104,0.0,0.0,1
1883.3862,0.0,0.0,1
1884.362,0.0,0.0,1
1885.3379,0.0,0.0,1
1886.3137,0.0,0.0,1
1887.2896,0.0,0.0,1
1888.2654,0.0,0.0,1
1889.2413,0.0,0.0,1
1890.2172,0.0,0.0,1
1891.193,0.0,0.0,1
1892.1688,0.0,0.0,1
1893.1447,0.0,0.0,1
1894.1205,0.0,0.0,1
1895.0963,0.0,0.0,1
1896.0723,0.0,0.0,1
1897.0481,0.0,0.0,1
1898.0239,0.0,0.0,1
1898.9998,0.0,0.0,1
1899.9756,0.0,0.0,1
1900.9514,0.0,0.0,1
1901.9272,0.0,0.0,1
1902.9032,0.0,0.0,1
1903.879,0.0,0.0,1
1904.8549,0.0,0.0,1
1905.8307,0.0,0.0,1
1906.8065,0.0,0.0,1
1907.7823,0.0,0.0,1
1908.7582,0.0,0.0,1
1909.7341,0.0,0.0,1
1910.71,0.0,0.0,1
1911.6858,0.0,0.0,1
1912.6616,0.0,0.0,1
1913.6375,0.0,0.0,1
1914.6133,0.0,0.0,1
1915.5891,0.0,0.0,1
1916.5651,0.0,0.0,1
1917.5409,0.0,0.0,1
1918.5167,0.0,0.0,1
1919.4926,0.0,0.0,1
1920.4684,0.0,0.0,1
1921.4442,0.0,0.0,1
1922.42,0.0,0.0,1
1923.396,0.0,0.0,1
1924.3718,0.0,0.0,1
1925.3477,0.0,0.0,1
1926.3235,0.0,0.0,1
1927.2993,0.0,0.0,1
1928.2751,0.0,0.0,1
1929.251,0.0,0.0,1
1930.2269,0.0,0.0,1
1931.2028,0.0,0.0,1
1932.1786,0.0,0.0,1
1933.1544,0.0,0.0,1
1934.1302,0.0,0.0,1
1935.1061,0.0,0.0,1
1936.082,0.0,0.0,1
1937.0579,0.0,0.0,1
1938.0337,0.0,0.0,1
1939.0095,0.0,0.0,1
1939.9854,0.0,0.0,1
1940.9612,0.0,0.0,1
1941.937,0.0,0.0,1
1942.913,0.0,0.0,1
1943.8888,0.0,0.0,1
1944.8646,0.0,0.0,1
1945.8405,0.0,0.0,1
1946.8163,0.0,0.0,1
1947.7921,0.0,0.0,1
1948.768,0.0,0.0,1
1949.7439,0.0,0.0,1
1950.7197,0.0,0.0,1
1951.6956,0.0,0.0,1
1952.6714,0.0,0.0,1
1953.6472,0.0,0.0,1
1954.623,0.0,0.0,1
1955.5989,0.0,0.0,1
1956.5748,0.0,0.0,1
1957.5507,0.0,0.0,1
1958.5265,0.0,0.0,1
1959.5023,0.0,0.0,1
1960.4781,0.0,0.0,1
1961.454,0.0,0.0,1
1962.4298,0.0,0.0,1
1963.4058,0.0,0.0,1
1964.3816,0.0,0.0,1
1965.3574,0.0,0.0,1
1966.3333,0.0,0.0,1
1967.3091,0.0,0.0,1
1968.2849,0.0,0.0,1
1969.2607,0.0,0.0,1
1970.2367,0.0,0.0,1
1971.2125,0.0,0.0,1
1972.1884,0.0,0.0,1
1973.1642,0.0,0.0,1
1974.14,0.0,0.0,1
1975.1158,0.0,0.0,1
1976.0917,0.0,0.0,1
1977.0676,0.0,0.0,1
1978.0435,0.0,0.0,1
1979.0193,0.0,0.0,1
1979.9951,0.0,0.0,1
1980.971,0.0,0.0,1
1981.9468,0.0,0.0,1
1982.9226,0.0,0.0,1
1983.8986,0.0,0.0,1
1984.8744,0.0,0.0,1
1985.8502,0.0,0.0,1
1986.826,0.0,0.0,1
1987.8019,0.0,0.0,1
1988.7777,0.0,0.0,1
1989.7535,0.0,0.0,1
1990.7295,0.0,0.0,1
1991.7053,0.0,0.0,1
1992.6812,0.0,0.0,1
1993.657,0.0,0.0,1
1994.6328,0.0,0.0,1
1995.6086,0.0,0.0,1
1996.5845,0.0,0.0,1
1997.5604,0.0,0.0,1
1998.5363,0.0,0.0,1
1999.5121,0.0,0.0,1
2000.4879,0.0,0.0,1
2001.4637,0.0,0.0,1
2002.4396,0.0,0.0,1
2003.4155,0.0,0.0,1
2004.3914,0.0,0.0,1
2005.3672,0.0,0.0,1
2006.343,0.0,0.0,1
2007.3188,0.0,0.0,1
2008.2947,0.0,0.0,1
2009.2705,0.0,0.0,1
2010.2465,0.0,0.0,1
2011.2223,0.0,0.0,1
2012.1981,0.0,0.0,1
2013.174,0.0,0.0,1
2014.1498,0.0,0.0,1
2015.1256,0.0,0.0,1
2016.1014,0.0,0.0,1
2017.0774,0.0,0.0,1
2018.0532,0.0,0.0,1
2019.029,0.0,0.0,1
2020.0049,0.0,0.0,1
2020.9807,0.0,0.0,1
2021.9565,0.0,0.0,1
2022.9324,0.0,0.0,1
2023.9083,0.0,0.0,1
2024.8842,0.0,0.0,1
2025.86,0.0,0.0,1
2026.8358,0.0,0.0,1
2027.8116,0.0,0.0,1
2028.7875,0.0,0.0,1
2029.7633,0.0,0.0,1
2030.7393,0.0,0.0,1
2031.7151,0.0,0.0,1
2032.6909,0.0,0.0,1
2033.6667,0.0,0.0,1
2034.6426,0.0,0.0,1
2035.6184,0.0,0.0,1
2036.5942,0.0,0.0,1
2037.5702,0.0,0.0,1
2038.546,0.0,0.0,1
2039.5219,0.0,0.0,1
2040.4977,0.0,0.0,1
2041.4735,0.0,0.0,1
2042.4493,0.0,0.0,1
2043.4252,0.0,0.0,1
2044.4011,0.0,0.0,1
2045.377,0.0,0.0,1
2046.3528,0.0,0.0,1
2047.3286,0.0,0.0,1
2048.3044,0.0,0.0,1
2049.2803,0.0,0.0,1
2050.256,0.0,0.0,1
2051.232,0.0,0.0,1
2052.2078,0.0,0.0,1
2053.1836,0.0,0.0,1
2054.1597,0.0,0.0,1
2055.1355,0.0,0.0,1
2056.1113,0.0,0.0,1
2057.0872,0.0,0.0,1
2058.063,0.0,0.0,1
2059.0388,0.0,0.0,1
2060.0146,0.0,0.0,1
2060.9905,0.0,0.0,1
2061.9663,0.0,0.0,1
2062.9421,0.0,0.0,1
2063.918,0.0,0.0,1
2064.8938,0.0,0.0,1
2065.8696,0.0,0.0,1
2066.8455,0.0,0.0,1
2067.8215,0.0,0.0,1
2068.7974,0.0,0.0,1
2069.7732,0.0,0.0,1
2070.749,0.0,0.0,1
2071.7249,0.0,0.0,1
2072.7007,0.0,0.0,1
2073.6765,0.0,0.0,1
2074.6523,0.0,0.0,1
2075.6282,0.0,0.0,1
2076.604,0.0,0.0,1
2077.5798,0.0,0.0,1
2078.5557,0.0,0.0,1
2079.5315,0.0,0.0,1
2080.5073,0.0,0.0,1
2081.4834,0.0,0.0,1
2082.4592,0.0,0.0,1
2083.435,0.0,0.0,1
2084.411,0.0,0.0,1
2085.3867,0.0,0.0,1
2086.3625,0.0,0.0,1
2087.3384,0.0,0.0,1
2088.3142,0.0,0.0,1
2089.29,0.0,0.0,1
2090.2659,0.0,0.0,1
2091.2417,0.0,0.0,1
2092.2175,0.0,0.0,1
2093.1934,0.0,0.0,1
2094.1692,0.0,0.0,1
2095.1453,0.0,0.0,1
2096.121,0.0,0.0,1
2097.097,0.0,0.0,1
2098.0728,0.0,0.0,1
2099.0486,0.0,0.0,1
2100.0244,0.0,0.0,1
2101.0002,0.0,0.0,1
2101.976,0.0,0.0,1
2102.952,0.0,0.0,1
2103.9277,0.0,0.0,1
2104.9036,0.0,0.0,1
2105.8794,0.0,0.0,1
2106.8552,0.0,0.0,1
2107.8313,0.0,0.0,1
2108.8071,0.0,0.0,1
2109.783,0.0,0.0,1
2110.7588,0.0,0.0,1
2111.7346,0.0,0.0,1
2112.7104,0.0,0.0,1
2113.6863,0.0,0.0,1
2114.662,0.0,0.0,1
2115.638,0.0,0.0,1
2116.6138,0.0,0.0,1
2117.5896,0.0,0.0,1
2118.5654,0.0,0.0,1
2119.5413,0.0,0.0,1
2120.517,0.0,0.0,1
2121.4932,0.0,0.0,1
2122.469,0.0,0.0,1
2123.4448,0.0,0.0,1
2124.4207,0.0,0.0,1
2125.3965,0.0,0.0,1
2126.3723,0.0,0.0,1
2127.3481,0.0,0.0,1
2128.324,0.0,0.0,1
2129.2998,0.0,0.0,1
2130.2756,0.0,0.0,1
2131.2515,0.0,0.0,1
2132.2273,0.0,0.0,1
2133.2031,0.0,0.0,1
2134.179,0.0,0.0,1
2135.155,0.0,0.0,1
2136.1309,0.0,0.0,1
2137.1067,0.0,0.0,1
2138.0825,0.0,0.0,1
2139.0583,0.0,0.0,1
2140.0342,0.0,0.0,1
2141.01,0.0,0.0,1
2141.9858,0.0,0.0,1
2142.9617,0.0,0.0,1
2143.9375,0.0,0.0,1
2144.9133,0.0,0.0,1
2145.8892,0.0,0.0,1
2146.865,0.0,0.0,1
2147.8408,0.0,0.0,1
2148.817,0.0,0.0,1
2149.7927,0.0,0.0,1
2150.7686,0.0,0.0,1
2151.7444,0.0,0.0,1
2152.7202,0.0,0.0,1
2153.696,0.0,0.0,1
2154.6719,0.0,0.0,1
2155.6477,0.0,0.0,1
2156.6235,0.0,0.0,1
2157.5994,0.0,0.0,1
2158.5752,0.0,0.0,1
2159.551,0.0,0.0,1
2160.5269,0.0,0.0,1
2161.5027,0.0,0.0,1
2162.4788,0.0,0.0,1
2163.4546,0.0,0.0,1
2164.4304,0.0,0.0,1
2165.4062,0.0,0.0,1
2166.382,0.0,0.0,1
2167.358,0.0,0.0,1
2168.3337,0.0,0.0,1
2169.3096,0.0,0.0,1
2170.2854,0.0,0.0,1
2171.2612,0.0,0.0,1
2172.237,0.0,0.0,1
2173.213,0.0,0.0,1
2174.1887,0.0,0.0,1
2175.1648,0.0,0.0,1
2176.1406,0.0,0.0,1
2177.1165,0.0,0.0,1
2178.0923,0.0,0.0,1
2179.068,0.0,0.0,1
2180.044,0.0,0.0,1
2181.0198,0.0,0.0,1
2181.9956,0.0,0.0,1
2182.9714,0.0,0.0,1
2183.9473,0.0,0.0,1
2184.923,0.0,0.0,1
2185.899,0.0,0.0,1
2186.8748,0.0,0.0,1
2187.8506,0.0,0.0,1
2188.8267,0.0,0.0,1
2189.8025,0.0,0.0,1
2190.7783,0.0,0.0,1
2191.7542,0.0,0.0,1
2192.73,0.0,0.0,1
2193.7058,0.0,0.0,1
2194.6816,0.0,0.0,1
2195.6575,0.0,0.0,1
2196.6333,0.0,0.0,1
2197.6091,0.0,0.0,1
2198.585,0.0,0.0,1
2199.5608,0.0,0.0,1
2200.5366,0.0,0.0,1
2201.5125,0.0,0.0,1
2202.4885,0.0,0.0,1
2203.4644,0.0,0.0,1
2204.4402,0.0,0.0,1
2205.416,0.0,0.0,1
2206.3918,0.0,0.0,1
2207.3677,0.0,0.0,1
2208.3435,0.0,0.0,1
2209.3193,0.0,0.0,1
2210.2952,0.0,0.0,1
2211.271,0.0,0.0,1
2212.2468,0.0,0.0,1
2213.2227,0.0,0.0,1
2214.1985,0.0,0.0,1
2215.1743,0.0,0.0,1
2216.1504,0.0,0.0,1
2217.1262,0.0,0.0,1
2218.102,0.0,0.0,1
2219.078,0.0,0.0,1
2220.0537,0.0,0.0,1
2221.0295,0.0,0.0,1
2222.0054,0.0,0.0,1
2222.9812,0.0,0.0,1
2223.957,0.0,0.0,1
2224.9329,0.0,0.0,1
2225.9087,0.0,0.0,1
2226.8845,0.0,0.0,1
2227.8604,0.0,0.0,1
2228.8362,0.0,0.0,1
2229.8123,0.0,0.0,1
2230.788,0.0,0.0,1
2231.764,0.0,0.0,1
2232.7397,0.0,0.0,1
2233.7156,0.0,0.0,1
2234.6914,0.0,0.0,1
2235.6672,0.0,0.0,1
2236.643,0.0,0.0,1
2237.619,0.0,0.0,1
2238.5947,0.0,0.0,1
2239.5706,0.0,0.0,1
2240.5464,0.0,0.0,1
2241.5222,0.0,0.0,1
2242.4983,0.0,0.0,1
2243.474,0.0,0.0,1
2244.45,0.0,0.0,1
2245.4258,0.0,0.0,1
2246.4016,0.0,0.0,1
2247.3774,0.0,0.0,1
2248.3533,0.0,0.0,1
2249.329,0.0,0.0,1
2250.305,0.0,0.0,1
2251.2808,0.0,0.0,1
2252.2566,0.0,0.0,1
2253.2324,0.0,0.0,1
2254.2083,0.0,0.0,1
2255.184,0.0,0.0,1
2256.1602,0.0,0.0,1
2257.136,0.0,0.0,1
2258.1118,0.0,0.0,1
2259.0876,0.0,0.0,1
2260.0635,0.0,0.0,1
2261.0393,0.0,0.0,1
2262.0151,0.0,0.0,1
2262.991,0.0,0.0,1
2263.9668,0.0,0.0,1
2264.9426,0.0,0.0,1
2265.9185,0.0,0.0,1
2266.8943,0.0,0.0,1
2267.87,0.0,0.0,1
2268.846,0.0,0.0,1
2269.822,0.0,0.0,1
2270.7979,0.0,0.0,1
2271.7737,0.0,0.0,1
2272.7495,0.0,0.0,1
2273.7253,0.0,0.0,1
2274.7012,0.0,0.0,1
2275.677,0.0,0.0,1
2276.6528,0.0,0.0,1
2277.6287,0.0,0.0,1
2278.6045,0.0,0.0,1
2279.5803,0.0,0.0,1
2280.5562,0.0,0.0,1
2281.532,0.0,0.0,1
2282.5078,0.0,0.0,1
2283.484,0.0,0.0,1
2284.4597,0.0,0.0,1
2285.4355,0.0,0.0,1
2286.4114,0.0,0.0,1
2287.3872,0.0,0.0,1
2288.363,0.0,0.0,1
2289.3389,0.0,0.0,1
2290.3147,0.0,0.0,1
2291.2905,0.0,0.0,1
2292.2664,0.0,0.0,1
2293.2422,0.0,0.0,1
2294.218,0.0,0.0,1
2295.1938,0.0,0.0,1
2296.1697,0.0,0.0,1
2297.1458,0.0,0.0,1
2298.1216,0.0,0.0,1
2299.0974,0.0,0.0,1
2300.0732,0.0,0.0,1
2301.049,0.0,0.0,1
2302.025,0.0,0.0,1
2303.0007,0.0,0.0,1
2303.9766,0.0,0.0,1
2304.9524,0.0,0.0,1
2305.9282,0.0,0.0,1
2306.904,0.0,0.0,1
2307.88,0.0,0.0,1
2308.8557,0.0,0.0,1
2309.8318,0.0,0.0,1
2310.8076,0.0,0.0,1
2311.7834,0.0,0.0,1
2312.7593,0.0,0.0,1
2313.735,0.0,0.0,1
2314.711,0.0,0.0,1
2315.6868,0.0,0.0,1
2316.6626,0.0,0.0,1
2317.6384,0.0,0.0,1
2318.6143,0.0,0.0,1
2319.59,0.0,0.0,1
2320.566,0.0,0.0,1
2321.5417,0.0,0.0,1
2322.5176,0.0,0.0,1
2323.4937,0.0,0.0,1
2324.4695,0.0,0.0,1
2325.4453,0.0,0.0,1
2326.4211,0.0,0.0,1
2327.397,0.0,0.0,1
2328.3728,0.0,0.0,1
2329.3486,0.0,0.0,1
2330.3245,0.0,0.0,1
2331.3003,0.0,0.0,1
2332.2761,0.0,0.0,1
2333.252,0.0,0.0,1
2334.2278,0.0,0.0,1
2335.2036,0.0,0.0,1
2336.1794,0.0,0.0,1
2337.1555,0.0,0.0,1
2338.1313,0.0,0.0,1
2339.1072,0.0,0.0,1
2340.083,0.0,0.0,1
2341.0588,0.0,0.0,1
2342.0347,0.0,0.0,1
2343.0105,0.0,0.0,1
2343.9863,0.0,0.0,1
2344.9622,0.0,0.0,1
2345.938,0.0,0.0,1
2346.9138,0.0,0.0,1
2347.8896,0.0,0.0,1
2348.8655,0.0,0.0,1
2349.8413,0.0,0.0,1
2350.8174,0.0,0.0,1
2351.7932,0.0,0.0,1
2352.769,0.0,0.0,1
2353.7449,0.0,0.0,1
2354.7207,0.0,0.0,1
2355.6965,0.0,0.0,1
2356.6724,0.0,0.0,1
2357.6482,0.0,0.0,1
2358.624,0.0,0.0,1
2359.5999,0.0,0.0,1
2360.5757,0.0,0.0,1
2361.5515,0.0,0.0,1
2362.5273,0.0,0.0,1
2363.5032,0.0,0.0,1
2364.4792,0.0,0.0,1
2365.455,0.0,0.0,1
2366.431,0.0,0.0,1
2367.4067,0.0,0.0,1
2368.3826,0.0,0.0,1
2369.3584,0.0,0.0,1
2370.3342,0.0,0.0,1
2371.31,0.0,0.0,1
2372.286,0.0,0.0,1
2373.2617,0.0,0.0,1
2374.2375,0.0,0.0,1
2375.2134,0.0,0.0,1
2376.1892,0.0,0.0,1
2377.1653,0.0,0.0,1
2378.141,0.0,0.0,1
2379.117,0.0,0.0,1
2380.0928,0.0,0.0,1
2381.0686,0.0,0.0,1
2382.0444,0.0,0.0,1
2383.0203,0.0,0.0,1
2383.996,0.0,0.0,1
2384.972,0.0,0.0,1
2385.9478,0.0,0.0,1
2386.9236,0.0,0.0,1
2387.8994,0.0,0.0,1
2388.8752,0.0,0.0,1
2389.851,0.0,0.0,1
2390.8271,0.0,0.0,1
2391.803,0.0,0.0,1
2392.7788,0.0,0.0,1
2393.7546,0.0,0.0,1
2394.7305,0.0,0.0,1
2395.7063,0.0,0.0,1
2396.6821,0.0,0.0,1
2397.658,0.0,0.0,1
2398.6338,0.0,0.0,1
2399.6096,0.0,0.0,1
2400.5854,0.0,0.0,1
2401.5613,0.0,0.0,1
2402.537,0.0,0.0,1
2403.513,0.0,0.0,1
2404.489,0.0,0.0,1
2405.4648,0.0,0.0,1
2406.4407,0.0,0.0,1
2407.4165,0.0,0.0,1
2408.3923,0.0,0.0,1
2409.3682,0.0,0.0,1
2410.344,0.0,0.0,1
2411.3198,0.0,0.0,1
2412.2957,0.0,0.0,1
2413.2715,0.0,0.0,1
2414.2473,0.0,0.0,1
2415.2231,0.0,0.0,1
2416.199,0.0,0.0,1
2417.1748,0.0,0.0,1
2418.151,0.0,0.0,1
2419.1267,0.0,0.0,1
2420.1025,0.0,0.0,1
2421.0784,0.0,0.0,1
2422.0542,0.0,0.0,1
2423.03,0.0,0.0,1
2424.0059,0.0,0.0,1
2424.9817,0.0,0.0,1
2425.9575,0.0,0.0,1
2426.9333,0.0,0.0,1
2427.9092,0.0,0.0,1
2428.885,0.0,0.0,1
2429.8608,0.0,0.0,1
2430.8367,0.0,0.0,1
2431.8127,0.0,0.0,1
2432.7886,0.0,0.0,1
2433.7644,0.0,0.0,1
2434.7402,0.0,0.0,1
2435.716,0.0,0.0,1
2436.692,0.0,0.0,1
2437.6677,0.0,0.0,1
2438.6436,0.0,0.0,1
2439.6194,0.0,0.0,1
2440.5952,0.0,0.0,1
2441.571,0.0,0.0,1
2442.5469,0.0,0.0,1
2443.5227,0.0,0.0,1
2444.4988,0.0,0.0,1
2445.4746,0.0,0.0,1
2446.4504,0.0,0.0,1
2447.4263,0.0,0.0,1
2448.402,0.0,0.0,1
2449.378,0.0,0.0,1
2450.3538,0.0,0.0,1
2451.3296,0.0,0.0,1
2452.3054,0.0,0.0,1
2453.2812,0.0,0.0,1
2454.257,0.0,0.0,1
2455.233,0.0,0.0,1
2456.2087,0.0,0.0,1
2457.1846,0.0,0.0,1
2458.1606,0.0,0.0,1
2459.1365,0.0,0.0,1
2460.1123,0.0,0.0,1
2461.0881,0.0,0.0,1
2462.064,0.0,0.0,1
2463.0398,0.0,0.0,1
2464.0156,0.0,0.0,1
2464.9915,0.0,0.0,1
2465.9673,0.0,0.0,1
2466.943,0.0,0.0,1
2467.919,0.0,0.0,1
2468.8948,0.0,0.0,1
2469.8706,0.0,0.0,1
2470.8464,0.0,0.0,1
2471.8225,0.0,0.0,1
2472.7983,0.0,0.0,1
2473.7742,0.0,0.0,1
2474.75,0.0,0.0,1
2475.7258,0.0,0.0,1
2476.7017,0.0,0.0,1
2477.6775,0.0,0.0,1
2478.6533,0.0,0.0,1
2479.6292,0.0,0.0,1
2480.605,0.0,0.0,1
2481.5808,0.0,0.0,1
2482.5566,0.0,0.0,1
2483.5325,0.0,0.0,1
2484.5083,0.0,0.0,1
2485.4844,0.0,0.0,1
2486.4602,0.0,0.0,1
2487.436,0.0,0.0,1
2488.4119,0.0,0.0,1
2489.3877,0.0,0.0,1
2490.3635,0.0,0.0,1
2491.3394,0.0,0.0,1
2492.3152,0.0,0.0,1
2493.291,0.0,0.0,1
2494.2668,0.0,0.0,1
2495.2427,0.0,0.0,1
2496.2185,0.0,0.0,1
2497.1943,0.0,0.0,1
2498.1702,0.0,0.0,1
2499.1462,0.0,0.0,1
2500.122,0.0,0.0,1
2501.098,0.0,0.0,1
2502.0737,0.0,0.0,1
2503.0496,0.0,0.0,1
2504.0254,0.0,0.0,1
2505.0012,0.0,0.0,1
2505.977,0.0,0.0,1
2506.953,0.0,0.0,1
2507.9287,0.0,0.0,1
2508.9045,0.0,0.0,1
2509.8804,0.0,0.0,1
2510.8562,0.0,0.0,1
2511.8323,0.0,0.0,1
2512.808,0.0,0.0,1
2513.784,0.0,0.0,1
2514.7598,0.0,0.0,1
2515.7356,0.0,0.0,1
2516.7114,0.0,0.0,1
2517.6873,0.0,0.0,1
2518.663,0.0,0.0,1
2519.639,0.0,0.0,1
2520.6147,0.0,0.0,1
2521.5906,0.0,0.0,1
2522.5664,0.0,0.0,1
2523.5422,0.0,0.0,1
2524.518,0.0,0.0,1
2525.4941,0.0,0.0,1
2526.47,0.0,0.0,1
2527.4458,0.0,0.0,1
2528.4216,0.0,0.0,1
2529.3975,0.0,0.0,1
2530.3733,0.0,0.0,1
2531.349,0.0,0.0,1
2532.325,0.0,0.0,1
2533.3008,0.0,0.0,1
2534.2766,0.0,0.0,1
2535.2524,0.0,0.0,1
2536.2283,0.0,0.0,1
2537.204,0.0,0.0,1
2538.18,0.0,0.0,1
2539.156,0.0,0.0,1
2540.1318,0.0,0.0,1
2541.1077,0.0,0.0,1
2542.0835,0.0,0.0,1
2543.0593,0.0,0.0,1
2544.0352,0.0,0.0,1
2545.011,0.0,0.0,1
2545.9868,0.0,0.0,1
2546.9626,0.0,0.0,1
2547.9385,0.0,0.0,1
2548.9143,0.0,0.0,1
2549.8901,0.0,0.0,1
2550.866,0.0,0.0,1
2551.8418,0.0,0.0,1
2552.8179,0.0,0.0,1
2553.7937,0.0,0.0,1
2554.7695,0.0,0.0,1
2555.7454,0.0,0.0,1
2556.7212,0.0,0.0,1
2557.697,0.0,0.0,1
2558.6729,0.0,0.0,1
2559.6487,0.0,0.0,1
2560.6245,0.0,0.0,1
2561.6003,0.0,0.0,1
2562.5762,0.0,0.0,1
2563.552,0.0,0.0,1
2564.5278,0.0,0.0,1
2565.5037,0.0,0.0,1
2566.4797,0.0,0.0,1
2567.4556,0.0,0.0,1
2568.4314,0.0,0.0,1
2569.4072,0.0,0.0,1
2570.383,0.0,0.0,1
2571.359,0.0,0.0,1
2572.3347,0.0,0.0,1
2573.3105,0.0,0.0,1
2574.2864,0.0,0.0,1
2575.2622,0.0,0.0,1
2576.238,0.0,0.0,1
2577.2139,0.0,0.0,1
2578.1897,0.0,0.0,1
2579.1658,0.0,0.0,1
2580.1416,0.0,0.0,1
2581.1174,0.0,0.0,1
2582.0933,0.0,0.0,1
2583.069,0.0,0.0,1
2584.045,0.0,0.0,1
2585.0208,0.0,0.0,1
2585.9966,0.0,0.0,1
2586.9724,0.0,0.0,1
2587.9482,0.0,0.0,1
2588.924,0.0,0.0,1
2589.9,0.0,0.0,1
2590.8757,0.0,0.0,1
2591.8516,0.0,0.0,1
2592.8276,0.0,0.0,1
2593.8035,0.0,0.0,1
2594.7793,0.0,0.0,1
2595.7551,0.0,0.0,1
2596.731,0.0,0.0,1
2597.7068,0.0,0.0,1
2598.6826,0.0,0.0,1
2599.6584,0.0,0.0,1
2600.6343,0.0,0.0,1
2601.61,0.0,0.0,1
2602.586,0.0,0.0,1
2603.5618,0.0,0.0,1
2604.5376,0.0,0.0,1
2605.5134,0.0,0.0,1
2606.4895,0.0,0.0,1
2607.4653,0.0,0.0,1
2608.4412,0.0,0.0,1
2609.417,0.0,0.0,1
2610.3928,0.0,0.0,1
2611.3687,0.0,0.0,1
2612.3445,0.0,0.0,1
2613.3203,0.0,0.0,1
2614.2961,0.0,0.0,1
2615.272,0.0,0.0,1
2616.2478,0.0,0.0,1
2617.2236,0.0,0.0,1
2618.1995,0.0,0.0,1
2619.1753,0.0,0.0,1
2620.1514,0.0,0.0,1
2621.1272,0.0,0.0,1
2622.103,0.0,0.0,1
2623.0789,0.0,0.0,1
2624.0547,0.0,0.0,1
2625.0305,0.0,0.0,1
2626.0063,0.0,0.0,1
2626.9822,0.0,0.0,1
2627.958,0.0,0.0,1
2628.9338,0.0,0.0,1
2629.9097,0.0,0.0,1
2630.8855,0.0,0.0,1
2631.8613,0.0,0.0,1
2632.8372,0.0,0.0,1
2633.8132,0.0,0.0,1
2634.789,0.0,0.0,1
2635.765,0.0,0.0,1
2636.7407,0.0,0.0,1
2637.7166,0.0,0.0,1
2638.6924,0.0,0.0,1
2639.6682,0.0,0.0,1
2640.644,0.0,0.0,1
2641.6199,0.0,0.0,1
2642.5957,0.0,0.0,1
2643.5715,0.0,0.0,1
2644.5474,0.0,0.0,1
2645.5232,0.0,0.0,1
2646.4993,0.0,0.0,1
2647.475,0.0,0.0,1
2648.451,0.0,0.0,1
2649.4268,0.0,0.0,1
2650.4026,0.0,0.0,1
2651.3784,0.0,0.0,1
2652.3542,0.0,0.0,1
2653.33,0.0,0.0,1
2654.306,0.0,0.0,1
2655.2817,0.0,0.0,1
2656.2576,0.0,0.0,1
2657.2334,0.0,0.0,1
2658.2092,0.0,0.0,1
2659.185,0.0,0.0,1
2660.1611,0.0,0.0,1
2661.137,0.0,0.0,1
2662.1128,0.0,0.0,1
2663.0886,0.0,0.0,1
2664.0645,0.0,0.0,1
2665.0403,0.0,0.0,1
2666.016,0.0,0.0,1
2666.992,0.0,0.0,1
2667.9678,0.0,0.0,1
2668.9436,0.0,0.0,1
2669.9194,0.0,0.0,1
2670.8953,0.0,0.0,1
2671.871,0.0,0.0,1
2672.847,0.0,0.0,1
2673.823,0.0,0.0,1
2674.7988,0.0,0.0,1
2675.7747,0.0,0.0,1
2676.7505,0.0,0.0,1
2677.7263,0.0,0.0,1
2678.7021,0.0,0.0,1
2679.678,0.0,0.0,1
2680.6538,0.0,0.0,1
2681.6296,0.0,0.0,1
2682.6055,0.0,0.0,1
2683.5813,0.0,0.0,1
2684.5571,0.0,0.0,1
2685.533,0.0,0.0,1
2686.5088,0.0,0.0,1
2687.4849,0.0,0.0,1
2688.4607,0.0,0.0,1
2689.4365,0.0,0.0,1
2690.4124,0.0,0.0,1
2691.3882,0.0,0.0,1
2692.364,0.0,0.0,1
2693.3398,0.0,0.0,1
2694.3157,0.0,0.0,1
2695.2915,0.0,0.0,1
2696.2673,0.0,0.0,1
2697.2432,0.0,0.0,1
2698.219,0.0,0.0,1
2699.1948,0.0,0.0,1
2700.1707,0.0,0.0,1
2701.1467,0.0,0.0,1
2702.1226,0.0,0.0,1
2703.0984,0.0,0.0,1
2704.0742,0.0,0.0,1
2705.05,0.0,0.0,1
2706.026,0.0,0.0,1
2707.0017,0.0,0.0,1
2707.9775,0.0,0.0,1
2708.9534,0.0,0.0,1
2709.9292,0.0,0.0,1
2710.905,0.0,0.0,1
2711.8809,0.0,0.0,1
2712.8567,0.0,0.0,1
2713.8328,0.0,0.0,1
2714.8086,0.0,0.0,1
2715.7844,0.0,0.0,1
2716.7603,0.0,0.0,1
2717.736,0.0,0.0,1
2718.712,0.0,0.0,1
2719.6877,0.0,0.0,1
2720.6636,0.0,0.0,1
2721.6394,0.0,0.0,1
2722.6152,0.0,0.0,1
2723.591,0.0,0.0,1
2724.567,0.0,0.0,1
2725.5427,0.0,0.0,1
2726.5186,0.0,0.0,1
2727.4946,0.0,0.0,1
2728.4705,0.0,0.0,1
2729.4463,0.0,0.0,1
2730.422,0.0,0.0,1
2731.398,0.0,0.0,1
2732.3738,0.0,0.0,1
2733.3496,0.0,0.0,1
2734.3254,0.0,0.0,1
2735.3013,0.0,0.0,1
2736.277,0.0,0.0,1
2737.253,0.0,0.0,1
2738.2288,0.0,0.0,1
2739.2046,0.0,0.0,1
2740.1804,0.0,0.0,1
2741.1565,0.0,0.0,1
2742.1323,0.0,0.0,1
2743.1082,0.0,0.0,1
2744.084,0.0,0.0,1
2745.0598,0.0,0.0,1
2746.0356,0.0,0.0,1
2747.0115,0.0,0.0,1
2747.9873,0.0,0.0,1
2748.9631,0.0,0.0,1
2749.939,0.0,0.0,1
2750.9148,0.0,0.0,1
2751.8906,0.0,0.0,1
2752.8665,0.0,0.0,1
2753.8423,0.0,0.0,1
2754.8184,0.0,0.0,1
2755.7942,0.0,0.0,1
2756.77,0.0,0.0,1
2757.7458,0.0,0.0,1
2758.7217,0.0,0.0,1
2759.6975,0.0,0.0,1
2760.6733,0.0,0.0,1
2761.6492,0.0,0.0,1
2762.625,0.0,0.0,1
2763.6008,0.0,0.0,1
2764.5767,0.0,0.0,1
2765.5525,0.0,0.0,1
2766.5283,0.0,0.0,1
2767.5042,0.0,0.0,1
2768.4802,0.0,0.0,1
2769.456,0.0,0.0,1
2770.432,0.0,0.0,1
2771.4077,0.0,0.0,1
2772.3835,0.0,0.0,1
2773.3594,0.0,0.0,1
2774.3352,0.0,0.0,1
2775.311,0.0,0.0,1
2776.2869,0.0,0.0,1
2777.2627,0.0,0.0,1
2778.2385,0.0,0.0,1
2779.2144,0.0,0.0,1
2780.1902,0.0,0.0,1
2781.1663,0.0,0.0,1
2782.142,0.0,0.0,1
2783.118,0.0,0.0,1
2784.0938,0.0,0.0,1
2785.0696,0.0,0.0,1
2786.0454,0.0,0.0,1
2787.0212,0.0,0.0,1
2787.997,0.0,0.0,1
2788.973,0.0,0.0,1
2789.9487,0.0,0.0,1
2790.9246,0.0,0.0,1
2791.9004,0.0,0.0,1
2792.8762,0.0,0.0,1
2793.852,0.0,0.0,1
2794.8281,0.0,0.0,1
2795.804,0.0,0.0,1
2796.7798,0.0,0.0,1
2797.7556,0.0,0.0,1
2798.7314,0.0,0.0,1
2799.7073,0.0,0.0,1
2800.683,0.0,0.0,1
2801.659,0.0,0.0,1
2802.6348,0.0,0.0,1
2803.6106,0.0,0.0,1
2804.5864,0.0,0.0,1
2805.5623,0.0,0.0,1
2806.538,0.0,0.0,1
2807.514,0.0,0.0,1
2808.49,0.0,0.0,1
2809.4658,0.0,0.0,1
2810.4417,0.0,0.0,1
2811.4175,0.0,0.0,1
2812.3933,0.0,0.0,1
2813.3691,0.0,0.0,1
2814.345,0.0,0.0,1
2815.3208,0.0,0.0,1
2816.2966,0.0,0.0,1
2817.2725,0.0,0.0,1
2818.2483,0.0,0.0,1
2819.224,0.0,0.0,1
2820.2,0.0,0.0,1
2821.1758,0.0,0.0,1
2822.1519,0.0,0.0,1
2823.1277,0.0,0.0,1
2824.1035,0.0,0.0,1
2825.0793,0.0,0.0,1
2826.0552,0.0,0.0,1
2827.031,0.0,0.0,1
2828.0068,0.0,0.0,1
2828.9827,0.0,0.0,1
2829.9585,0.0,0.0,1
2830.9343,0.0,0.0,1
2831.9102,0.0,0.0,1
2832.886,0.0,0.0,1
2833.8618,0.0,0.0,1
2834.8376,0.0,0.0,1
2835.8137,0.0,0.0,1
2836.7896,0.0,0.0,1
2837.7654,0.0,0.0,1
2838.7412,0.0,0.0,1
2839.717,0.0,0.0,1
2840.6929,0.0,0.0,1
2841.6687,0.0,0.0,1
2842.6445,0.0,0.0,1
2843.6204,0.0,0.0,1
2844.5962,0.0,0.0,1
2845.572,0.0,0.0,1
2846.5479,0.0,0.0,1
2847.5237,0.0,0.0,1
2848.4998,0.0,0.0,1
2849.4756,0.0,0.0,1
2850.4514,0.0,0.0,1
2851.4272,0.0,0.0,1
2852.403,0.0,0.0,1
2853.379,0.0,0.0,1
2854.3547,0.0,0.0,1
2855.3306,0.0,0.0,1
2856.3064,0.0,0.0,1
2857.2822,0.0,0.0,1
2858.258,0.0,0.0,1
2859.234,0.0,0.0,1
2860.2097,0.0,0.0,1
2861.1855,0.0,0.0,1
2862.1616,0.0,0.0,1
2863.1375,0.0,0.0,1
2864.1133,0.0,0.0,1
2865.089,0.0,0.0,1
2866.065,0.0,0.0,1
2867.0408,0.0,0.0,1
2868.0166,0.0,0.0,1
2868.9924,0.0,0.0,1
2869.9683,0.0,0.0,1
2870.944,0.0,0.0,1
2871.92,0.0,0.0,1
2872.8958,0.0,0.0,1
2873.8716,0.0,0.0,1
2874.8474,0.0,0.0,1
2875.8235,0.0,0.0,1
2876.7993,0.0,0.0,1
2877.7751,0.0,0.0,1
2878.751,0.0,0.0,1
2879.7268,0.0,0.0,1
2880.7026,0.0,0.0,1
2881.6785,0.0,0.0,1
2882.6543,0.0,0.0,1
2883.6301,0.0,0.0,1
2884.606,0.0,0.0,1
2885.5818,0.0,0.0,1
2886.5576,0.0,0.0,1
2887.5334,0.0,0.0,1
2888.5093,0.0,0.0,1
2889.4854,0.0,0.0,1
2890.4612,0.0,0.0,1
2891.437,0.0,0.0,1
2892.4128,0.0,0.0,1
2893.3887,0.0,0.0,1
2894.3645,0.0,0.0,1
2895.3403,0.0,0.0,1
2896.3162,0.0,0.0,1
2897.292,0.0,0.0,1
2898.2678,0.0,0.0,1
2899.2437,0.0,0.0,1
2900.2195,0.0,0.0,1
2901.1953,0.0,0.0,1
2902.1711,0.0,0.0,1
2903.1472,0.0,0.0,1
2904.123,0.0,0.0,1
2905.0989,0.0,0.0,1
2906.0747,0.0,0.0,1
2907.0505,0.0,0.0,1
2908.0264,0.0,0.0,1
2909.0022,0.0,0.0,1
2909.978,0.0,0.0,1
2910.9539,0.0,0.0,1
2911.9297,0.0,0.0,1
2912.9055,0.0,0.0,1
2913.8813,0.0,0.0,1
2914.8572,0.0,0.0,1
2915.8333,0.0,0.0,1
2916.809,0.0,0.0,1
2917.785,0.0,0.0,1
2918.7607,0.0,0.0,1
2919.7366,0.0,0.0,1
2920.7124,0.0,0.0,1
2921.6882,0.0,0.0,1
2922.664,0.0,0.029611234,1
2923.64,0.0024848667,0.0,1
2924.6157,0.0,-0.029611234,1
2925.5916,0.0,0.0,1
2926.5674,0.0,0.0,1
2927.5432,0.0,0.0,1
2928.519,0.0,0.0,1
2929.495,0.0,0.006291265,1
2930.471,0.000527874,0.0,1
2931.4468,0.0,-0.0062904786,1
2932.4226,0.0,0.0,1
2933.3984,0.0,0.0,1
2934.3743,0.0,0.0,1
2935.35,0.0,0.0,1
2936.326,0.0,0.0,1
2937.3018,0.0,0.0,1
2938.2776,0.0,0.0,1
2939.2534,0.0,0.07620688,1
2940.2292,0.006395003,0.0,1
2941.205,0.0,-0.07620688,1
2942.181,0.0,0.012348175,1
2943.157,0.0010366027,-6.1794944e-06,1
2944.1328,0.0,-0.012352809,1
2945.1086,0.0,0.0,1
2946.0845,0.0,0.0,1
2947.0603,0.0,0.0,1
2948.0361,0.0,0.00031031002,1
2949.012,2.6040085e-05,0.0,1
2949.9878,0.0,0.098833226,1
2950.9636,0.0083197635,0.0,1
2951.9395,0.0,-0.099143535,1
2952.9153,0.0,0.0,1
2953.891,0.0,0.0,1
2954.867,0.0,0.0,1
2955.8428,0.0,0.0,1
2956.8188,0.0,0.054338526,1
2957.7947,0.0045593204,0.0,1
2958.7705,0.0,-0.05433173,1
2959.7463,0.0,0.0,1
2960.7222,0.0,0.0,1
2961.698,0.0,0.012810089,1
2962.6738,0.0010749759,0.0,1
2963.6497,0.0,-0.012810089,1
2964.6255,0.0,0.08944188,1
2965.6013,0.007505636,0.0,1
2966.5771,0.0,-0.08944188,1
2967.553,0.0,0.017899426,1
2968.5288,0.0015020545,0.0,1
2969.5046,0.0,0.04532415,1
2970.4807,0.0053076707,-3.164059e-05,1
2971.4565,0.0,-0.01465824,1
2972.4324,0.004077605,0.0,1
2973.4082,0.0,-0.048591305,1
2974.384,0.0,0.0,1
2975.3599,0.0,0.016712327,1
2976.3357,0.0014024375,0.094222575,1
2977.3115,0.007906815,-0.016712327,1
2978.2874,0.0,-0.094222575,1
2979.2632,0.0,0.023299076,1
2980.239,0.0019551734,0.0,1
2981.2148,0.0,-0.023299076,1
2982.1907,0.0,0.016248666,1
2983.1667,0.0013640405,-8.131448e-06,1
2984.1426,0.0,-0.016254764,1
2985.1184,0.0,0.0,1
2986.0942,0.0,0.038705774,1
2987.07,0.0032480473,0.08477018,1
2988.046,0.007113604,0.03747128,1
2989.0217,0.0063925004,-0.05395697,1
2989.9976,0.0025857321,-0.07617705,1
2990.9734,0.0,-0.03081321,1
2991.9492,0.0,0.0,1
2992.925,0.0,0.0,1
2993.901,0.0,0.0,1
2994.8767,0.0,0.13274854,1
2995.8525,0.011139774,0.14491782,1
2996.8286,0.012159963,-0.12681039,1
2997.8044,0.00050015067,-0.047472544,1
2998.7803,0.00817624,-0.00596011,1
2999.756,0.0,0.02667586,1
3000.732,0.010414781,0.019781167,1
3001.7078,0.0016599633,-0.12410908,1
3002.6836,0.0,-0.019781167,1
3003.6594,0.0,0.0,1
3004.6353,0.0,0.14563861,1
3005.611,0.012221461,0.13726948,1
3006.587,0.011519154,-0.1062178,1
3007.5627,0.0033080513,-0.037323724,1
3008.5386,0.008387083,-0.031118993,1
3009.5144,0.000696659,-0.086551175,1
3010.4905,0.0011251471,0.013556395,1
3011.4663,0.0018343342,-0.0134079605,1
3012.4421,0.0,-0.0025142129,1
3013.418,0.0016233507,0.00804889,1
3014.3938,0.0006754335,-0.0014144959,1
3015.3696,0.0015046514,0.055867832,1
3016.3455,0.005363658,0.24586758,1
3017.3213,0.022136962,0.044467226,1
3018.297,0.009095185,-0.19195543,1
3019.273,0.0060287626,0.005794896,1
3020.2488,0.009581472,-0.001282037,1
3021.2246,0.005921179,0.003321783,1
3022.2004,0.009860224,0.124057055,1
3023.1763,0.016331594,-0.059553377,1
3024.1523,0.004857607,-0.12237588,1
3025.1282,0.0060578026,0.09466814,1
3026.104,0.012801813,-0.072188586,1
3027.0798,0.0,-0.09107956,1
3028.0557,0.0051587485,0.11927904,1
3029.0315,0.010009462,0.08354136,1
3030.0073,0.012169234,-0.04454039,1
3030.9832,0.0062717944,-0.018727725,1
3031.959,0.010597672,0.19387718,1
3032.9348,0.02254126,0.11769656,1
3033.9106,0.020474339,-0.061359927,1
3034.8865,0.017392159,-0.025224587,1
3035.8623,0.018357582,-0.14177139,1
3036.8381,0.005495221,-0.056132987,1
3037.8142,0.013651776,0.123376176,1
3038.79,0.015851283,0.06283709,1
3039.7659,0.018924834,-0.01150287,1
3040.7417,0.014886005,-0.08569569,1
3041.7175,0.0117335655,-0.03359582,1
3042.6934,0.012066766,-0.0063905017,1
3043.6692,0.011197298,0.09538273,1
3044.645,0.020070937,-0.0042891493,1
3045.6208,0.010837368,0.09207898,1
3046.5967,0.027797868,0.06213449,1
3047.5725,0.016051468,0.016990812,1
3048.5483,0.029223675,0.14553162,1
3049.5242,0.02826395,-0.036403056,1
3050.5,0.026168864,0.13824733,1
3051.476,0.039870564,-0.003172015,1
3052.452,0.025909567,-0.19556609,1
3053.4277,0.023459371,-0.024327606,1
3054.4036,0.023868082,0.1033636,1
3055.3794,0.032133266,0.005717364,1
3056.3552,0.024347862,0.038469613,1
3057.331,0.0353615,0.23261459,1
3058.307,0.04386803,0.14540459,1
3059.2827,0.047563322,-0.064953335,1
3060.2585,0.038417384,-0.08689393,1
3061.2344,0.0402715,-0.020925995,1
3062.2102,0.03666135,0.02817238,1
3063.186,0.042635623,-0.0045820354,1
3064.162,0.036273707,-0.120416105,1
3065.138,0.032528825,-0.001771092,1
3066.1138,0.036125083,-0.1250548,1
3067.0896,0.022034684,-0.081574954,1
3068.0654,0.029279608,0.16626994,1
3069.0413,0.03598745,0.14913248,1
3070.017,0.041794263,-0.12355143,1
3070.993,0.025619466,0.070568204,1
3071.9688,0.04771609,0.30498248,1
3072.9446,0.051212482,-0.059684075,1
3073.9204,0.04270762,-0.15650208,1
3074.8962,0.0380794,-0.04093326,1
3075.872,0.039272647,0.20038253,1
3076.848,0.054894768,0.025873953,1
3077.824,0.041436892,-0.07934755,1
3078.7998,0.048230313,0.1079005,1
3079.7756,0.050491508,0.28911495,1
3080.7515,0.07249178,0.20867352,1
3081.7273,0.06800263,0.019593084,1
3082.7031,0.07413597,-8.594674e-05,1
3083.679,0.067995414,-0.17634849,1
3084.6548,0.05933744,0.04053212,1
3085.6306,0.07139672,0.07233258,1
3086.6064,0.06540733,0.017842265,1
3087.5823,0.07289398,-0.08789345,1
3088.558,0.05803163,-0.22563973,1
3089.534,0.053959116,0.08114074,1
3090.5098,0.06484067,0.07893701,1
3091.4858,0.06058026,0.008839604,1
3092.4617,0.06558023,-0.117227845,1
3093.4375,0.050742928,-0.087140806,1
3094.4133,0.05826769,0.14585868,1
3095.3892,0.06298286,-0.055953275,1
3096.365,0.053572293,-0.0808994,1
3097.3408,0.056194074,0.37197483,1
3098.3167,0.08478706,0.5734661,1
3099.2925,0.104317255,0.12355216,1
3100.2683,0.09515511,-0.0841889,1
3101.2441,0.097252436,0.118639596,1
3102.22,0.10511091,0.024322407,1
3103.1958,0.09929348,-0.045314465,1
3104.1716,0.101308286,-0.028890148,1
3105.1477,0.096867196,0.1188023,1
3106.1235,0.11127428,0.19787565,1
3107.0994,0.1134722,-0.097878,1
3108.0752,0.103060715,-0.04252631,1
3109.051,0.109903544,0.16809969,1
3110.0269,0.117167026,-0.053671397,1
3111.0027,0.10539964,-0.031180905,1
3111.9785,0.114550434,0.17336367,1
3112.9543,0.11994769,0.0107903015,1
3113.9302,0.11545592,0.027617667,1
3114.906,0.12226526,0.03281112,1
3115.8818,0.11820931,0.014375285,1
3116.8577,0.12347159,0.1056781,1
3117.8335,0.12707743,-0.019419804,1
3118.8096,0.12183952,0.17534365,1
3119.7854,0.14178717,0.1682812,1
3120.7612,0.13596107,-0.002007272,1
3121.737,0.14161873,0.17726202,1
3122.713,0.15083624,0.09904599,1
3123.6887,0.14993031,0.12559816,1
3124.6646,0.16137598,-0.027046017,1
3125.6404,0.14766072,-0.09608984,1
3126.6162,0.15331247,0.22075367,1
3127.592,0.16618556,-0.14494762,1
3128.5679,0.141149,-0.052504446,1
3129.5437,0.16177957,0.38159692,1
3130.5195,0.17317122,-0.020069603,1
3131.4956,0.16008906,-0.076549776,1
3132.4714,0.16674171,0.14410512,1
3133.4473,0.17218184,-0.10140363,1
3134.423,0.1582323,0.10136915,1
3135.399,0.18068837,0.35783577,1
3136.3748,0.18826057,0.15373601,1
3137.3506,0.19358933,0.04543602,1
3138.3264,0.19207339,-0.019390173,1
3139.3022,0.19196218,-0.19102079,1
3140.278,0.17604363,-0.061070703,1
3141.254,0.18683735,0.32273415,1
3142.2297,0.2031263,0.117824316,1
3143.2056,0.19672474,0.023822322,1
3144.1814,0.20512538,0.12828538,1
3145.1575,0.2074898,0.054275192,1
3146.1333,0.20968057,0.17033361,1
3147.1091,0.22178358,0.19428451,1
3148.085,0.22598422,-0.1043487,1
3149.0608,0.21302702,0.045633905,1
3150.0366,0.22981365,0.17562921,1
3151.0125,0.22776519,-0.002902262,1
3151.9883,0.22957009,0.30584353,1
3152.964,0.25343046,0.35437572,1
3153.94,0.259308,0.13603705,1
3154.9158,0.26484618,0.17070165,1
3155.8916,0.27363268,0.21877673,1
3156.8674,0.28320512,-0.065182626,1
3157.8433,0.2681628,-0.13211781,1
3158.8193,0.2721216,0.21022156,1
3159.7952,0.28580362,0.269993,1
3160.771,0.29477844,-0.13446437,1
3161.7468,0.27451986,-0.11687994,1
3162.7227,0.28497028,0.113636486,1
3163.6985,0.2840558,-0.19935173,1
3164.6743,0.26824144,-0.084190026,1
3165.6501,0.2769909,0.20035882,1
3166.626,0.2850548,0.06163213,1
3167.6018,0.28216285,0.026860781,1
3168.5776,0.28730887,-0.037157062,1
3169.5535,0.27904475,-0.06240184,1
3170.5293,0.28207234,0.013938273,1
3171.5051,0.2802144,0.117179714,1
3172.4812,0.29191023,0.23670563,1
3173.457,0.30008122,0.15865387,1
3174.4329,0.30522388,0.07473727,1
3175.4087,0.30635288,-0.07388196,1
3176.3845,0.29902396,0.13727322,1
3177.3604,0.31787238,0.5349283,1
3178.3362,0.3439132,0.2084496,1
3179.312,0.3353647,0.010573181,1
3180.2878,0.34480047,0.03251594,1
3181.2637,0.3380933,-0.011862729,1
3182.2395,0.343805,-0.10734228,1
3183.2153,0.32908553,0.048411924,1
3184.1912,0.34786755,0.29417178,1
3185.167,0.35377136,0.112978026,1
3186.143,0.35734886,-0.04757013,1
3187.119,0.34978175,0.102435686,1
3188.0947,0.3659449,0.12871356,1
3189.0706,0.36058292,0.10480997,1
3190.0464,0.37474015,-0.042851727,1
3191.0222,0.35698697,-0.047223575,1
3191.998,0.3707773,0.19892685,1
3192.9739,0.37368017,-0.07955653,1
3193.9497,0.36410123,-0.02623143,1
3194.9255,0.37147892,0.29949874,1
3195.9014,0.38923407,0.21038617,1
3196.8772,0.38913375,0.0589203,1
3197.853,0.39417845,0.11232337,1
3198.829,0.39856052,0.093610555,1
3199.805,0.40203512,0.13026129,1
3200.7808,0.40949157,-0.12584786,1
3201.7566,0.39147443,0.07542762,1
3202.7324,0.4158212,0.2898689,1
3203.7083,0.41579917,-0.12098113,1
3204.684,0.40566888,0.12760422,1
3205.66,0.42650726,0.19254668,1
3206.6357,0.42182672,0.064545654,1
3207.6116,0.4319237,0.17453772,1
3208.5874,0.43647328,0.18577838,1
3209.5632,0.44751352,0.13843074,1
3210.539,0.44808987,-0.26230943,1
3211.515,0.42550147,0.13855343,1
3212.491,0.4597324,-0.040634092,1
3213.4668,0.4221092,-0.19810168,1
3214.4426,0.44310844,0.30351052,1
3215.4185,0.44757867,0.08406804,1
3216.3943,0.45016313,0.11157308,1
3217.37,0.4569415,-0.030689223,1
3218.346,0.44758782,0.054311752,1
3219.3218,0.46149912,0.3924269,1
3220.2976,0.48051885,0.2100112,1
3221.2734,0.4791225,-0.2553259,1
3222.2493,0.45909283,-0.11550064,1
3223.225,0.46943012,0.4062796,1
3224.201,0.4931863,0.35248905,1
3225.1768,0.4990097,-0.07219457,1
3226.1528,0.48712277,-0.038009252,1
3227.1287,0.49581456,0.079021096,1
3228.1045,0.49375397,0.034464642,1
3229.0803,0.49870673,-0.0021264886,1
3230.0562,0.4935755,0.06661496,1
3231.032,0.5042968,0.09796958,1
3232.0078,0.5017967,0.04232946,1
3232.9836,0.5078489,0.45920372,1
3233.9595,0.5403314,0.27045083,1
3234.9353,0.53054416,-0.1472933,1
3235.9111,0.52797115,0.02602384,1
3236.887,0.532728,0.24729025,1
3237.8628,0.5487228,0.30257687,1
3238.8386,0.5581192,0.15250833,1
3239.8147,0.5615208,-0.039626297,1
3240.7905,0.554796,-0.13211054,1
3241.7664,0.5504346,-0.038794555,1
3242.7422,0.55154043,0.13136335,1
3243.718,0.5614581,0.21261698,1
3244.6938,0.5693825,0.25999928,1
3245.6697,0.58327633,0.0026102855,1
3246.6455,0.56960154,-0.028846914,1
3247.6213,0.5808556,0.056912683,1
3248.5972,0.5743775,0.06271616,1
3249.573,0.5861185,0.013036872,1
3250.5488,0.57547146,0.07015888,1
3251.5247,0.59200597,0.13654372,1
3252.5005,0.58692974,-0.028688883,1
3253.4766,0.58960015,-0.16287738,1
3254.4524,0.5732647,-0.066889435,1
3255.4282,0.583987,0.15018292,1
3256.404,0.5858675,0.06497157,1
3257.38,0.5894392,0.19402198,1
3258.3557,0.6021491,0.1674998,1
3259.3315,0.6034952,0.16327731,1
3260.3074,0.61585075,0.2769495,1
3261.2832,0.62673575,0.10648801,1
3262.259,0.62478685,0.0731081,1
3263.2349,0.63287073,0.19726232,1
3264.2107,0.6413404,-0.091053635,1
3265.1865,0.62522984,-0.13567178,1
3266.1626,0.6299591,0.2219616,1
3267.1384,0.6438561,0.04829375,1
3268.1143,0.63401175,0.011981253,1
3269.09,0.6448615,0.018182587,1
3270.066,0.63553756,-0.06808576,1
3271.0417,0.639148,-0.014287952,1
3272.0176,0.63433856,0.14728428,1
3272.9934,0.65150756,0.26661578,1
3273.9692,0.656712,-0.05104335,1
3274.945,0.6472242,0.04667393,1
3275.921,0.6606287,0.00038052225,1
3276.8967,0.64725614,-0.021854037,1
3277.8726,0.65879476,0.23793523,1
3278.8484,0.6672228,-0.076858565,1
3279.8245,0.6523384,-0.0229457,1
3280.8003,0.6652902,0.11461206,1
3281.7761,0.6619562,0.051217325,1
3282.752,0.66958815,0.18674493,1
3283.7278,0.67762715,0.021956619,1
3284.7036,0.67143065,0.057041604,1
3285.6794,0.6824139,0.1482595,1
3286.6553,0.68387204,0.026528431,1
3287.631,0.68464005,0.053617597,1
3288.607,0.6883715,0.23686922,1
3289.5828,0.70451725,0.03126798,1
3290.5586,0.69099534,-0.13735536,1
3291.5344,0.6929909,-0.008289008,1
3292.5103,0.69029975,0.18284822,1
3293.4863,0.70834196,0.2595453,1
3294.4622,0.71208614,-0.054022375,1
3295.438,0.7038086,-0.1446747,1
3296.4138,0.69994557,-0.097959876,1
3297.3896,0.6955882,-0.02028343,1
3298.3655,0.69824344,-0.0003929984,1
3299.3413,0.69555515,0.1420152,1
3300.3171,0.71016085,0.2792576,1
3301.293,0.71898943,0.053465802,1
3302.2688,0.71464753,-0.08916281,1
3303.2446,0.71150726,-0.11339494,1
3304.2205,0.7051318,0.00022041179,1
3305.1963,0.71152574,0.030371776,1
3306.172,0.7076805,0.15571123,1
3307.1482,0.72459924,0.22581674,1
3308.124,0.72663635,0.19114624,1
3309.0999,0.74063957,0.0040623695,1
3310.0757,0.7269772,-0.08211517,1
3311.0515,0.73374873,0.060602847,1
3312.0273,0.7320628,0.028957812,1
3313.0032,0.73617876,0.06614295,1
3313.979,0.73761326,0.21124321,1
3314.9548,0.75390553,0.21616852,1
3315.9307,0.75575334,0.033325154,1
3316.9065,0.75670207,-0.016030453,1
3317.8823,0.7544081,-0.14093463,1
3318.8582,0.7448754,-0.007834323,1
3319.834,0.7537507,0.2361747,1
3320.81,0.76469725,0.23187667,1
3321.786,0.773212,-0.02175908,1
3322.7617,0.76287127,-0.16923398,1
3323.7375,0.75901055,0.11291946,1
3324.7134,0.7723471,0.21765248,1
3325.6892,0.77727515,-0.016487218,1
3326.665,0.77096355,-0.005088879,1
3327.6409,0.7768481,0.19434428,1
3328.6167,0.7872722,0.031106481,1
3329.5925,0.77945846,0.011623603,1
3330.5684,0.7882476,0.005615649,1
3331.5442,0.7799297,0.017883852,1
3332.52,0.7897484,0.029680736,1
3333.496,0.7824164,-0.13157752,1
3334.472,0.7787046,0.2566439,1
3335.4478,0.80395305,0.30270234,1
3336.4236,0.80410624,0.10821942,1
3337.3994,0.8130344,0.04675156,1
3338.3752,0.8080295,-0.0048594563,1
3339.351,0.81262666,0.049316794,1
3340.327,0.81216794,-0.0002647714,1
3341.3027,0.8126044,0.01870797,1
3342.2786,0.81373787,0.18162695,1
3343.2544,0.8278459,-0.005802791,1
3344.2302,0.8132509,-0.012241172,1
3345.206,0.82681865,0.29493108,1
3346.182,0.8380005,0.0025943439,1
3347.158,0.8270308,-0.0022595674,1
3348.1338,0.8378054,0.26501745,1
3349.1096,0.8492701,0.2042441,1
3350.0854,0.85494477,0.045703564,1
3351.0613,0.85310537,0.057908002,1
3352.037,0.8598042,0.083342,1
3353.013,0.86009914,0.108613804,1
3353.9888,0.8689187,0.15197948,1
3354.9646,0.8728527,0.0056315907,1
3355.9404,0.86939126,0.066615656,1
3356.9163,0.8784428,0.020947438,1
3357.892,0.8711491,-0.058315556,1
3358.868,0.87354916,0.036640342,1
3359.8438,0.8742238,0.18401197,1
3360.8198,0.8889962,0.03595277,1
3361.7957,0.87724787,-0.10103108,1
3362.7715,0.880518,0.25698006,1
3363.7473,0.8988127,0.26210913,1
3364.7231,0.90251327,0.08696077,1
3365.699,0.90611017,0.09222986,1
3366.6748,0.91025287,0.07784141,1
3367.6506,0.9126423,-0.040779646,1
3368.6265,0.9068308,0.012252262,1
3369.6023,0.9136705,0.18523462,1
3370.5781,0.922375,-0.17463893,1
3371.554,0.8990154,0.067251936,1
3372.5298,0.92801857,0.3677051,1
3373.5056,0.9298719,-0.17345576,1
3374.4817,0.9134564,-0.12600693,1
3375.4575,0.919291,0.35834593,1
3376.4333,0.94352746,0.22494964,1
3377.4092,0.938168,-0.26397708,1
3378.385,0.92137545,-0.1009285,1
3379.3608,0.92969847,0.22736724,1
3380.3367,0.9404553,-0.11156303,1
3381.3125,0.9203365,-0.05825872,1
3382.2883,0.9355664,0.12056664,1
3383.2642,0.930454,0.09039795,1
3384.24,0.9431523,0.051757958,1
3385.2158,0.93479735,-0.18747617,1
3386.1917,0.92741996,0.1411696,1
3387.1675,0.94664377,0.4443599,1
3388.1436,0.96471334,0.2445656,1
3389.1194,0.96717334,0.0336329,1
3390.0952,0.9675357,0.11017748,1
3391.071,0.97641903,-0.00010951278,1
3392.0469,0.9675265,-0.11584373,1
3393.0227,0.9666979,0.045028467,1
3393.9985,0.97130513,0.0798258,1
3394.9744,0.97339654,-0.12605475,1
3395.9502,0.9607271,0.0977762,1
3396.926,0.98160154,0.2777563,1
3397.9019,0.9840354,-0.028627194,1
3398.8777,0.97919923,-0.16517438,1
3399.8535,0.97017455,-0.10329897,1
3400.8296,0.97053194,-0.14802039,1
3401.8054,0.95775497,-0.24197264,1
3402.7812,0.9502265,0.118908,1
3403.757,0.96773326,0.26074162,1
3404.733,0.972107,0.019376831,1
3405.7087,0.96935934,-0.12689827,1
3406.6846,0.96145815,-0.26804638,1
3407.6604,0.94686586,-0.06124745,1
3408.6362,0.9563185,0.11877978,1
3409.612,0.9568334,0.104311615,1
3410.588,0.9650719,0.047723312,1
3411.5637,0.9608382,0.024482343,1
3412.5396,0.9671264,0.21941926,1
3413.5154,0.9792511,-0.05242959,1
3414.4915,0.962719,0.016214823,1
3415.4673,0.9806033,0.15191086,1
3416.443,0.97546685,0.17664689,1
3417.419,0.9954268,0.20586254,1
3418.3948,0.99274206,-0.05586538,1
3419.3706,0.9907388,-0.055852905,1
3420.3464,0.98805505,0.06950873,1
3421.3223,0.9965717,0.14234304,1
3422.298,1.0,-0.086928196,1
3423.274,0.98927695,-0.14021379,1
3424.2498,0.9882338,-0.083347544,1
3425.2256,0.98228276,-0.15718134,1
3426.2014,0.9750437,-0.14818257,1
3427.1772,0.96984786,-0.26353002,1
3428.1533,0.95292354,-0.3844259,1
3429.1292,0.93758386,-0.063412055,1
3430.105,0.9476022,-0.051779445,1
3431.0808,0.93323874,-0.09108206,1
3432.0566,0.93995893,-0.085189156,1
3433.0325,0.92608994,-0.047604788,1
3434.0083,0.9359641,0.14044529,1
3434.9841,0.9378756,-0.08336279,1
3435.96,0.9289686,-0.10569578,1
3436.9358,0.929006,-0.2040029,1
3437.9116,0.91184944,-0.21649013,1
3438.8875,0.91083896,-0.026996287,1
3439.8633,0.909584,-0.26616317,1
3440.839,0.8885035,-0.20663051,1
3441.8152,0.8922483,0.024620274,1
3442.791,0.8905712,-0.08496251,1
3443.7668,0.88511854,0.03549739,1
3444.7427,0.89355,0.049957234,1
3445.7185,0.8893108,-0.06939783,1
3446.6943,0.88772637,-0.15539171,1
3447.6702,0.87627083,-0.2759112,1
3448.646,0.8645729,0.026922816,1
3449.6218,0.87853014,0.27555078,1
3450.5977,0.88769615,-0.02040334,1
3451.5735,0.87681794,0.02450106,1
3452.5493,0.88975215,0.0018028021,1
3453.5251,0.8769692,-0.28111583,1
3454.501,0.86616194,-0.20280242,1
3455.477,0.8599497,-0.010146567,1
3456.453,0.8653075,-0.17288186,1
3457.4287,0.84544206,-0.33197966,1
3458.4045,0.837449,0.015616661,1
3459.3804,0.8467526,0.06823339,1
3460.3562,0.8431749,-0.21007116,1
3461.332,0.82912415,-0.26202387,1
3462.3079,0.8211868,-0.13698454,1
3463.2837,0.8176289,-0.03465733,1
3464.2595,0.8182785,-0.06192809,1
3465.2354,0.8124321,-0.12296344,1
3466.2112,0.80795985,-0.08812105,1
3467.187,0.8050373,-0.16962837,1
3468.163,0.7937213,-0.27541772,1
3469.139,0.7819226,-0.2748147,1
3470.1147,0.77065986,-0.18388304,1
3471.0906,0.7664918,-0.23472261,1
3472.0664,0.7509628,-0.13471527,1
3473.0422,0.755187,-0.0736321,1
3474.018,0.7447839,-0.23309448,1
3474.994,0.7356265,-0.23488343,1
3475.9697,0.7250733,-0.14808553,1
3476.9456,0.7231997,0.14736192,1
3477.9214,0.7374394,-0.09546049,1
3478.8972,0.71518904,-0.312546,1
3479.873,0.7112116,-0.12165206,1
3480.8489,0.70498043,-0.12185653,1
3481.825,0.70098513,-0.074040346,1
3482.8008,0.69876605,-0.252411,1
3483.7766,0.6798037,-0.39189842,1
3484.7524,0.66587937,-0.2361955,1
3485.7283,0.65998304,-0.20541063,1
3486.704,0.64864206,-0.17991771,1
3487.68,0.644885,0.1290816,1
3488.6558,0.65947413,-0.055973507,1
3489.6316,0.6401879,-0.31641707,1
3490.6074,0.6329216,-0.17242093,1
3491.5833,0.625719,-0.11743166,1
3492.559,0.62306714,-0.1189489,1
3493.535,0.61573726,-0.0729563,1
3494.5107,0.6169449,-0.19719231,1
3495.4868,0.5991828,-0.25013274,1
3496.4626,0.59594846,-0.11292847,1
3497.4385,0.58970624,-0.12666123,1
3498.4143,0.5853195,-0.09365353,1
3499.3901,0.5818472,-0.101938374,1
3500.366,0.5767652,-0.16140243,1
3501.3418,0.56830287,-0.258516,1
3502.3176,0.5550715,-0.31607258,1
3503.2935,0.5417792,-0.26981938,1
3504.2693,0.5324292,-0.14348392,1
3505.245,0.52973855,0.049090143,1
3506.221,0.5365487,-0.00644046,1
3507.1968,0.5291981,-0.25013483,1
3508.1726,0.5155583,-0.15304619,1
3509.1487,0.516357,-0.05568101,1
3510.1245,0.5108868,-0.38133112,1
3511.1003,0.4843571,-0.30857757,1
3512.0762,0.4849921,-0.11051226,1
3513.052,0.4750833,0.13861303,1
3514.0278,0.49662396,0.003681501,1
3515.0037,0.47539222,-0.18402271,1
3515.9795,0.48118147,0.054154415,1
3516.9553,0.4799367,-0.13110933,1
3517.9312,0.47017926,-0.08120615,1
3518.907,0.47312215,-0.028918305,1
3519.8828,0.46775255,-0.34676042,1
3520.8586,0.44402328,-0.2760301,1
3521.8345,0.4445891,0.003181762,1
3522.8105,0.44429007,-0.008389858,1
3523.7864,0.443885,-0.1552316,1
3524.7622,0.43126363,-0.15476166,1
3525.738,0.43089795,-0.1619434,1
3526.7139,0.41767392,-0.27127042,1
3527.6897,0.40813395,-0.16379438,1
3528.6655,0.40392888,-0.06363039,1
3529.6414,0.4027943,-0.10756061,1
3530.6172,0.3949028,-0.064661406,1
3531.593,0.39736816,0.059330627,1
3532.5688,0.3998816,-0.18666038,1
3533.5447,0.3817043,-0.110661626,1
3534.5205,0.3905953,0.045825206,1
3535.4966,0.38554674,-0.2202458,1
3536.4724,0.37211287,-0.1673428,1
3537.4482,0.37150395,-0.086014315,1
3538.424,0.36489487,-0.24224053,1
3539.4,0.351176,-0.1826285,1
3540.3757,0.34956935,-0.0658553,1
3541.3516,0.34564966,-0.111383505,1
3542.3274,0.34022245,0.15539932,1
3543.3032,0.3586902,0.032372463,1
3544.279,0.34293905,-0.22090045,1
3545.255,0.34015304,0.096945144,1
3546.2307,0.35107434,-0.04127419,1
3547.2065,0.33668947,-0.32408956,1
3548.1824,0.3238779,-0.12800485,1
3549.1584,0.32595015,0.028443865,1
3550.1343,0.32626557,-0.2772226,1
3551.11,0.30268663,-0.42488047,1
3552.086,0.29061115,-0.420012,1
3553.0618,0.26744077,-0.1144211,1
3554.0376,0.28100935,0.15309298,1
3555.0134,0.28028777,-0.050247997,1
3555.9893,0.27679273,-0.19946297,1
3556.965,0.26354957,-0.18312894,1
3557.941,0.26142523,-0.101047024,1
3558.9167,0.25507006,0.07444478,1
3559.8926,0.26767236,-0.020174958,1
3560.8684,0.25337705,-0.08594466,1
3561.8442,0.2604602,0.10014528,1
3562.8203,0.26178047,0.07214639,1
3563.7961,0.26651436,0.03341942,1
3564.772,0.26458493,-0.10568815,1
3565.7478,0.2576454,-0.14397222,1
3566.7236,0.2525033,0.068691544,1
3567.6995,0.26340973,-0.013987832,1
3568.6753,0.25132948,-0.3234337,1
3569.6511,0.23626837,0.026465356,1
3570.627,0.25355035,0.009959771,1
3571.6028,0.23710415,-0.27435967,1
3572.5786,0.2305271,-0.035272818,1
3573.5544,0.23414418,-0.09907562,1
3574.5303,0.22221303,-0.104845665,1
3575.506,0.22534592,0.10705515,1
3576.4822,0.2311985,-0.07810791,1
3577.458,0.21879515,-0.21117061,1
3578.4338,0.21347784,0.021731703,1
3579.4097,0.2206188,-0.2046385,1
3580.3855,0.19630532,-0.3971623,1
3581.3613,0.18729039,-0.106515385,1
3582.3372,0.18736693,0.013975529,1
3583.313,0.18846317,-0.09278574,1
3584.2888,0.17958069,-0.20604518,1
3585.2646,0.1711726,-0.07307102,1
3586.2405,0.17344885,-0.23972833,1
3587.2163,0.15105549,-0.35288414,1
3588.1921,0.1438361,-0.01738342,1
3589.168,0.14959674,0.11144641,1
3590.144,0.15318888,0.064724825,1
3591.1199,0.15502933,0.01578301,1
3592.0957,0.15451333,-0.0060651368,1
3593.0715,0.15452036,-0.019985389,1
3594.0474,0.15283623,-0.12402599,1
3595.0232,0.14411256,-0.11101563,1
3595.999,0.1435202,0.123323,1
3596.9749,0.15446138,-0.003153171,1
3597.9507,0.1432556,-0.19281752,1
3598.9265,0.13828084,-0.18367822,1
3599.9023,0.127842,-0.023457222,1
3600.8782,0.1363124,-0.107654266,1
3601.854,0.11880804,-0.30399475,1
3602.83,0.11080146,-0.055278394,1
3603.806,0.11416586,-0.1831694,1
3604.7817,0.09543055,-0.40270716,1
3605.7576,0.08037214,-0.15349516,1
3606.7334,0.0825498,0.029458158,1
3607.7092,0.08284416,0.0923107,1
3608.685,0.09029618,0.08162081,1
3609.661,0.08969348,-0.16379005,1
3610.6367,0.07655151,-0.007545985,1
3611.6125,0.089060254,0.11513328,1
3612.5884,0.08621308,-0.018116394,1
3613.5642,0.087539986,0.017419636,1
3614.54,0.08767487,-0.12897106,1
3615.5159,0.07671721,-0.23563823,1
3616.492,0.067899026,0.005484303,1
3617.4678,0.07717297,0.039748028,1
3618.4436,0.07123453,-0.16266347,1
3619.4194,0.06352285,-0.10178104,1
3620.3953,0.06269344,-0.08088047,1
3621.371,0.056735657,-0.14759286,1
3622.347,0.050307985,0.052710302,1
3623.3228,0.06115891,0.11422941,1
3624.2986,0.0598937,-0.11410179,1
3625.2744,0.05158391,-0.07261772,1
3626.2502,0.053799886,-0.21505408,1
3627.226,0.033537354,-0.08340815,1
3628.202,0.04680058,0.15415388,1
3629.1777,0.046473384,-0.016951088,1
3630.1538,0.045377735,-0.0061766854,1
3631.1296,0.045954578,-0.08640589,1
3632.1055,0.038126867,-0.10091048,1
3633.0813,0.03748654,-0.008412341,1
3634.0571,0.037420936,-0.048326284,1
3635.033,0.033431172,0.178971,1
3636.0088,0.05243953,0.107863285,1
3636.9846,0.042482667,-0.38825503,1
3637.9604,0.019858582,-0.19731121,1
3638.9363,0.02592503,-0.024431616,1
3639.912,0.01780837,-0.26562405,1
3640.888,0.0036348286,-0.12957673,1
3641.8638,0.006934763,-0.043314904,1
3642.8396,0.0,-0.054462403,1
3643.8157,0.0023662315,-1.4105804e-05,1
3644.7915,0.0,-0.028197503,1
3645.7673,0.0,0.0,1
3646.7432,0.0,0.0,1
3647.719,0.0,0.0,1
3648.6948,0.0,0.0,1
3649.6707,0.0,0.0,1
3650.6465,0.0,0.0,1
3651.6223,0.0,0.0,1
3652.5981,0.0,0.0,1
3653.574,0.0,0.0,1
3654.5498,0.0,0.0,1
3655.5256,0.0,0.0,1
3656.5015,0.0,0.0,1
3657.4775,0.0,0.0,1
3658.4534,0.0,0.0,1
3659.4292,0.0,0.0,1
3660.405,0.0,0.0,1
3661.3809,0.0,0.0,1
3662.3567,0.0,0.0,1
3663.3325,0.0,0.0,1
3664.3083,0.0,0.0,1
3665.2842,0.0,0.0,1
3666.26,0.0,0.0,1
3667.2358,0.0,0.0,1
3668.2117,0.0,0.0,1
3669.1875,0.0,0.0,1
3670.1636,0.0,0.0,1
3671.1394,0.0,0.0,1
3672.1152,0.0,0.0,1
3673.091,0.0,0.0,1
3674.067,0.0,0.0,1
3675.0427,0.0,0.0,1
3676.0186,0.0,0.0,1
3676.9944,0.0,0.0,1
3677.9702,0.0,0.0,1
3678.946,0.0,0.0,1
3679.9219,0.0,0.0,1
3680.8977,0.0,0.0,1
3681.8735,0.0,0.0,1
3682.8494,0.0,0.0,1
3683.8254,0.0,0.0,1
3684.8013,0.0,0.0,1
3685.777,0.0,0.0,1
3686.753,0.0,0.0,1
3687.7288,0.0,0.0,1
3688.7046,0.0,0.0,1
3689.6804,0.0,0.0,1
3690.6562,0.0,0.0,1
3691.632,0.0,0.0,1
3692.608,0.0,0.0,1
3693.5837,0.0,0.0,1
3694.5596,0.0,0.0,1
3695.5354,0.0,0.0,1
3696.5112,0.0,0.0,1
3697.4873,0.0,0.0,1
3698.4631,0.0,0.0,1
3699.439,0.0,0.0,1
3700.4148,0.0,0.0,1
3701.3906,0.0,0.0,1
3702.3665,0.0,0.0,1
3703.3423,0.0,0.0,1
3704.318,0.0,0.0,1
3705.294,0.0,0.0,1
3706.2698,0.0,0.0,1
3707.2456,0.0,0.0,1
3708.2214,0.0,0.0,1
3709.1973,0.0,0.0,1
3710.173,0.0,0.0,1
3711.1492,0.0,0.0,1
3712.125,0.0,0.0,1
3713.1008,0.0,0.0,1
3714.0767,0.0,0.0,1
3715.0525,0.0,0.0,1
3716.0283,0.0,0.0,1
3717.0042,0.0,0.0,1
3717.98,0.0,0.0,1
3718.9558,0.0,0.0,1
3719.9316,0.0,0.0,1
3720.9075,0.0,0.0,1
3721.8833,0.0,0.0,1
3722.8591,0.0,0.0,1
3723.835,0.0,0.0,1
3724.811,0.0,0.0,1
3725.7869,0.0,0.0,1
3726.7627,0.0,0.0,1
3727.7385,0.0,0.0,1
3728.7144,0.0,0.0,1
3729.6902,0.0,0.0,1
3730.666,0.0,0.0,1
3731.6418,0.0,0.0,1
3732.6177,0.0,0.0,1
3733.5935,0.0,0.0,1
3734.5693,0.0,0.0,1
3735.5452,0.0,0.0,1
3736.521,0.0,0.0,1
3737.497,0.0,0.0,1
3738.473,0.0,0.0,1
3739.4487,0.0,0.0,1
3740.4246,0.0,0.0,1
3741.4004,0.0,0.0,1
3742.3762,0.0,0.0,1
3743.352,0.0,0.0,1
3744.328,0.0,0.0,1
3745.3037,0.0,0.0,1
3746.2795,0.0,0.0,1
3747.2554,0.0,0.0,1
3748.2312,0.0,0.0,1
3749.207,0.0,0.0,1
3750.1829,0.0,0.0,1
3751.159,0.0,0.0,1
3752.1348,0.0,0.0,1
3753.1106,0.0,0.0,1
3754.0864,0.0,0.0,1
3755.0623,0.0,0.0,1
3756.038,0.0,0.0,1
3757.014,0.0,0.0,1
3757.9897,0.0,0.0,1
3758.9656,0.0,0.0,1
3759.9414,0.0,0.0,1
3760.9172,0.0,0.0,1
3761.893,0.0,0.0,1
3762.869,0.0,0.0,1
3763.8447,0.0,0.0,1
3764.8208,0.0,0.0,1
3765.7966,0.0,0.0,1
3766.7725,0.0,0.0,1
3767.7483,0.0,0.0,1
3768.724,0.0,0.0,1
3769.7,0.0,0.0,1
3770.6758,0.0,0.0,1
3771.6516,0.0,0.0,1
3772.6274,0.0,0.0,1
3773.6033,0.0,0.0,1
3774.579,0.0,0.0,1
3775.555,0.0,0.0,1
3776.5308,0.0,0.0,1
3777.5066,0.0,0.0,1
3778.4827,0.0,0.0,1
3779.4585,0.0,0.0,1
3780.4343,0.0,0.0,1
3781.4102,0.0,0.0,1
3782.386,0.0,0.0,1
3783.3618,0.0,0.0,1
3784.3376,0.0,0.0,1
3785.3135,0.0,0.0,1
3786.2893,0.0,0.0,1
3787.2651,0.0,0.0,1
3788.241,0.0,0.0,1
3789.2168,0.0,0.0,1
3790.1926,0.0,0.0,1
3791.1685,0.0,0.0,1
3792.1445,0.0,0.0,1
3793.1204,0.0,0.0,1
3794.0962,0.0,0.0,1
3795.072,0.0,0.0,1
3796.0479,0.0,0.0,1
3797.0237,0.0,0.0,1
3797.9995,0.0,0.0,1
3798.9753,0.0,0.0,1
3799.9512,0.0,0.0,1
3800.927,0.0,0.0,1
3801.9028,0.0,0.0,1
3802.8787,0.0,0.0,1
3803.8545,0.0,0.0,1
3804.8306,0.0,0.0,1
3805.8064,0.0,0.0,1
3806.7822,0.0,0.0,1
3807.758,0.0,0.0,1
3808.734,0.0,0.0,1
3809.7097,0.0,0.0,1
3810.6855,0.0,0.0,1
3811.6614,0.0,0.0,1
3812.6372,0.0,0.0,1
3813.613,0.0,0.0,1
3814.5889,0.0,0.0,1
3815.5647,0.0,0.0,1
3816.5405,0.0,0.0,1
3817.5164,0.0,0.0,1
3818.4924,0.0,0.0,1
3819.4683,0.0,0.0,1
3820.444,0.0,0.0,1
3821.42,0.0,0.0,1
3822.3958,0.0,0.0,1
3823.3716,0.0,0.0,1
3824.3474,0.0,0.0,1
3825.3232,0.0,0.0,1
3826.299,0.0,0.0,1
3827.275,0.0,0.0,1
3828.2507,0.0,0.0,1
3829.2266,0.0,0.0,1
3830.2024,0.0,0.0,1
3831.1782,0.0,0.0,1
3832.1543,0.0,0.0,1
3833.1301,0.0,0.0,1
3834.106,0.0,0.0,1
3835.0818,0.0,0.0,1
3836.0576,0.0,0.0,1
3837.0334,0.0,0.0,1
3838.0093,0.0,0.0,1
3838.985,0.0,0.0,1
3839.961,0.0,0.0,1
3840.9368,0.0,0.0,1
3841.9126,0.0,0.0,1
3842.8884,0.0,0.0,1
3843.8643,0.0,0.0,1
3844.84,0.0,0.0,1
3845.8162,0.0,0.0,1
3846.792,0.0,0.0,1
3847.7678,0.0,0.0,1
3848.7437,0.0,0.0,1
3849.7195,0.0,0.0,1
3850.6953,0.0,0.0,1
3851.6711,0.0,0.0,1
3852.647,0.0,0.0,1
3853.6228,0.0,0.0,1
3854.5986,0.0,0.0,1
3855.5745,0.0,0.0,1
3856.5503,0.0,0.0,1
3857.5261,0.0,0.0,1
3858.502,0.0,0.0,1
3859.478,0.0,0.0,1
3860.4539,0.0,0.0,1
3861.4297,0.0,0.0,1
3862.4055,0.0,0.0,1
3863.3813,0.0,0.0,1
3864.3572,0.0,0.0,1
3865.333,0.0,0.0,1
3866.3088,0.0,0.0,1
3867.2847,0.0,0.0,1
3868.2605,0.0,0.0,1
3869.2363,0.0,0.0,1
3870.2122,0.0,0.0,1
3871.188,0.0,0.0,1
3872.164,0.0,0.0,1
3873.14,0.0,0.0,1
3874.1157,0.0,0.0,1
3875.0916,0.0,0.0,1
3876.0674,0.0,0.0,1
3877.0432,0.0,0.0,1
3878.019,0.0,0.0,1
3878.9949,0.0,0.0,1
3879.9707,0.0,0.0,1
3880.9465,0.0,0.0,1
3881.9224,0.0,0.0,1
3882.8982,0.0,0.0,1
3883.874,0.0,0.0,1
3884.8499,0.0,0.0,1
3885.826,0.0,0.0,1
3886.8018,0.0,0.0,1
3887.7776,0.0,0.0,1
3888.7534,0.0,0.0,1
3889.7292,0.0,0.0,1
3890.705,0.0,0.0,1
3891.681,0.0,0.0,1
3892.6567,0.0,0.0,1
3893.6326,0.0,0.0,1
3894.6084,0.0,0.0,1
3895.5842,0.0,0.0,1
3896.56,0.0,0.0,1
3897.536,0.0,0.0,1
3898.5117,0.0,0.0,1
3899.4878,0.0,0.0,1
3900.4636,0.0,0.0,1
3901.4395,0.0,0.0,1
3902.4153,0.0,0.0,1
3903.391,0.0,0.0,1
3904.367,0.0,0.0,1
3905.3428,0.0,0.0,1
3906.3186,0.0,0.0,1
3907.2944,0.0,0.0,1
3908.2703,0.0,0.0,1
3909.246,0.0,0.0,1
3910.222,0.0,0.0,1
3911.1978,0.0,0.0,1
3912.1736,0.0,0.0,1
3913.1497,0.0,0.0,1
3914.1255,0.0,0.0,1
3915.1013,0.0,0.0,1
3916.0771,0.0,0.0,1
3917.053,0.0,0.0,1
3918.0288,0.0,0.0,1
3919.0046,0.0,0.0,1
3919.9805,0.0,0.0,1
3920.9563,0.0,0.0,1
3921.9321,0.0,0.0,1
3922.908,0.0,0.0,1
3923.8838,0.0,0.0,1
3924.8596,0.0,0.0,1
3925.8354,0.0,0.0,1
3926.8115,0.0,0.0,1
3927.7874,0.0,0.0,1
3928.7632,0.0,0.0,1
3929.739,0.0,0.0,1
3930.7148,0.0,0.0,1
3931.6907,0.0,0.0,1
3932.6665,0.0,0.0,1
3933.6423,0.0,0.0,1
3934.6182,0.0,0.0,1
3935.594,0.0,0.0,1
3936.5698,0.0,0.0,1
3937.5457,0.0,0.0,1
3938.5215,0.0,0.0,1
3939.4976,0.0,0.0,1
3940.4734,0.0,0.0,1
3941.4492,0.0,0.0,1
3942.425,0.0,0.0,1
3943.401,0.0,0.0,1
3944.3767,0.0,0.0,1
3945.3525,0.0,0.0,1
3946.3284,0.0,0.0,1
3947.3042,0.0,0.0,1
3948.28,0.0,0.0,1
3949.2559,0.0,0.0,1
3950.2317,0.0,0.0,1
3951.2075,0.0,0.0,1
3952.1833,0.0,0.0,1
3953.1594,0.0,0.0,1
3954.1353,0.0,0.0,1
3955.111,0.0,0.0,1
3956.087,0.0,0.0,1
3957.0627,0.0,0.0,1
3958.0386,0.0,0.0,1
3959.0144,0.0,0.0,1
3959.9902,0.0,0.0,1
3960.966,0.0,0.0,1
3961.942,0.0,0.0,1
3962.9177,0.0,0.0,1
3963.8936,0.0,0.0,1
3964.8694,0.0,0.0,1
3965.8452,0.0,0.0,1
3966.8213,0.0,0.0,1
3967.797,0.0,0.0,1
3968.773,0.0,0.0,1
3969.7488,0.0,0.0,1
3970.7246,0.0,0.0,1
3971.7004,0.0,0.0,1
3972.6763,0.0,0.0,1
3973.652,0.0,0.0,1
3974.628,0.0,0.0,1
3975.6038,0.0,0.0,1
3976.5796,0.0,0.0,1
3977.5554,0.0,0.0,1
3978.5312,0.0,0.0,1
3979.507,0.0,0.0,1
3980.4832,0.0,0.0,1
3981.459,0.0,0.0,1
3982.4348,0.0,0.0,1
3983.4106,0.0,0.0,1
3984.3865,0.0,0.0,1
3985.3623,0.0,0.0,1
3986.3381,0.0,0.0,1
3987.314,0.0,0.0,1
3988.2898,0.0,0.0,1
3989.2656,0.0,0.0,1
3990.2415,0.0,0.0,1
3991.2173,0.0,0.0,1
3992.193,0.0,0.0,1
3993.169,0.0,0.0,1
3994.145,0.0,0.0,1
3995.1208,0.0,0.0,1
3996.0967,0.0,0.0,1
3997.0725,0.0,0.0,1
3998.0483,0.0,0.0,1
3999.0242,0.0,0.0,1
4000.0,0.0,0.0,1
