raman_shift_cm-1,intensity_normalized,first_derivative_normalized,valid_mask
0.0,0.0,0.0,0
0.9758478,0.0,0.0,0
1.9516956,0.0,0.0,0
2.9275434,0.0,0.0,0
3.9033911,0.0,0.0,0
4.8792386,0.0,0.0,0
5.855087,0.0,0.0,0
6.8309345,0.0,0.0,0
7.8067822,0.0,0.0,0
8.78263,0.0,0.0,0
9.758477,0.0,0.0,0
10.734325,0.0,0.0,0
11.710174,0.0,0.0,0
12.686021,0.0,0.0,0
13.661869,0.0,0.0,0
14.637716,0.0,0.0,0
15.6135645,0.0,0.0,0
16.589413,0.0,0.0,0
17.56526,0.0,0.0,0
18.541107,0.0,0.0,0
19.516954,0.0,0.0,0
20.492804,0.0,0.0,0
21.46865,0.0,0.0,0
22.444498,0.0,0.0,0
23.420347,0.0,0.0,0
24.396194,0.0,0.0,0
25.372042,0.0,0.0,0
26.347889,0.0,0.0,0
27.323738,0.0,0.0,0
28.299585,0.0,0.0,0
29.275433,0.0,0.0,0
30.251282,0.0,0.0,0
31.227129,0.0,0.0,0
32.202976,0.0,0.0,0
33.178825,0.0,0.0,0
34.15467,0.0,0.0,0
35.13052,0.0,0.0,0
36.10637,0.0,0.0,0
37.082214,0.0,0.0,0
38.058064,0.0,0.0,0
39.03391,0.0,0.0,0
40.009758,0.0,0.0,0
40.985607,0.0,0.0,0
41.961452,0.0,0.0,0
42.9373,0.0,0.0,0
43.91315,0.0,0.0,0
44.888996,0.0,0.0,0
45.864845,0.0,0.0,0
46.840694,0.0,0.0,0
47.81654,0.0,0.0,0
48.79239,0.0,0.0,0
49.768234,0.0,0.0,0
50.744083,0.0,0.0,0
51.719933,0.0,0.0,0
52.695778,0.0,0.0,0
53.671627,0.0,0.0,0
54.647476,0.0,0.0,0
55.62332,0.0,0.0,0
56.59917,0.0,0.0,0
57.57502,0.0,0.0,0
58.550865,0.0,0.0,0
59.526714,0.0,0.0,0
60.502563,0.0,0.0,0
61.47841,0.0,0.0,0
62.454258,0.0,0.0,0
63.430103,0.0,0.0,0
64.40595,0.0,0.0,0
65.3818,0.0,0.0,0
66.35765,0.0,0.0,0
67.333496,0.0,0.0,0
68.30934,0.0,0.0,0
69.285194,0.0,0.0,0
70.26104,0.0,0.0,0
71.236885,0.0,0.0,0
72.21274,0.0,0.0,0
73.18858,0.0,0.0,0
74.16443,0.0,0.0,0
75.14028,0.0,0.0,0
76.11613,0.0,0.0,0
77.09197,0.0,0.0,0
78.06782,0.0,0.0,0
79.04367,0.0,0.0,0
80.019516,0.0,0.0,0
80.99536,0.0,0.0,0
81.971214,0.0,0.0,0
82.94706,0.0,0.0,0
83.922905,0.0,0.0,0
84.89876,0.0,0.0,0
85.8746,0.0,0.0,0
86.85045,0.0,0.0,0
87.8263,0.0,0.0,0
88.80215,0.0,0.0,0
89.77799,0.0,0.0,0
90.753845,0.0,0.0,0
91.72969,0.0,0.0,0
92.705536,0.0,0.0,0
93.68139,0.0,0.0,0
94.657234,0.0,0.0,0
95.63308,0.0,0.0,0
96.60893,0.0,0.0,0
97.58478,0.0,0.0,0
98.56062,0.0,0.0,0
99.53647,0.0,0.0,0
100.51232,0.0,0.0,0
101.48817,0.0,0.0,0
102.46401,0.0,0.0,0
103.439865,0.0,0.0,0
104.41571,0.0,0.0,0
105.391556,0.0,0.0,0
106.36741,0.0,0.0,0
107.343254,0.0,0.0,0
108.3191,0.0,0.0,0
109.29495,0.0,0.0,0
110.2708,0.0,0.0,0
111.24664,0.0,0.0,0
112.222496,0.0,0.0,0
113.19834,0.0,0.0,0
114.17419,0.0,0.0,0
115.15004,0.0,0.0,0
116.125885,0.0,0.0,0
117.10173,0.0,0.0,0
118.07758,0.0,0.0,0
119.05343,0.0,0.0,0
120.029274,0.0,0.0,0
121.00513,0.0,0.0,0
121.98097,0.0,0.0,0
122.95682,0.0,0.0,0
123.93266,0.0,0.0,0
124.908516,0.0,0.0,0
125.88436,0.0,0.0,0
126.86021,0.0,0.0,0
127.83606,0.0,0.0,0
128.8119,0.0,0.0,0
129.78775,0.0,0.0,0
130.7636,0.0,0.0,0
131.73946,0.0,0.0,0
132.7153,0.0,0.0,0
133.69115,0.0,0.0,0
134.66699,0.0,0.0,0
135.64284,0.0,0.0,0
136.61868,0.0,0.0,0
137.59453,0.0,0.0,0
138.57039,0.0,0.0,0
139.54623,0.0,0.0,0
140.52208,0.0,0.0,0
141.49792,0.04460916,0.24537604,1
142.47377,0.06715613,0.049248237,1
143.44962,0.05808774,0.029872214,1
144.42548,0.075332224,0.11987371,1
145.40132,0.090895854,0.03196167,1
146.37717,0.084079705,-0.0409081,1
147.35301,0.07969985,0.05990138,1
148.32886,0.10047391,0.11961297,1
149.3047,0.11243632,-0.01760218,1
150.28056,0.09565593,-0.09482119,1
151.25641,0.086484715,-0.04754373,1
152.23225,0.08264385,-0.0047497745,1
153.2081,0.08518477,-0.10659833,1
154.18394,0.053469315,-0.1359871,1
155.15979,0.047966924,-0.09228961,1
156.13564,0.028210886,-0.03371668,1
157.1115,0.038739517,-0.061298225,1
158.08734,0.011434848,-0.11500106,1
159.06319,0.007265272,-0.041780815,1
160.03903,0.0,0.053957477,1
161.01488,0.022032712,0.06215355,1
161.99072,0.017010594,-0.0010407424,1
162.96658,0.021748023,0.0044724043,1
163.94243,0.01823477,0.032151107,1
164.91827,0.030547349,0.100892164,1
165.89412,0.045847602,0.073222265,1
166.86996,0.0505873,0.033981003,1
167.84581,0.05514775,0.0962095,1
168.82167,0.07691902,0.03835626,1
169.79752,0.06564595,0.062083226,1
170.77336,0.09391037,0.10775037,1
171.7492,0.095135786,0.118550435,1
172.72505,0.12635602,0.18177319,1
173.7009,0.14488466,0.04906463,1
174.67676,0.13978407,0.09743967,1
175.6526,0.17155226,0.09082832,1
176.62845,0.16464256,0.008822502,1
177.6043,0.17396687,-0.08621177,1
178.58014,0.14104755,-0.22672524,1
179.55598,0.11191521,-0.24803662,1
180.53183,0.073163256,-0.24703784,1
181.50769,0.044303883,-0.21831368,1
182.48354,0.0134133,-0.13831733,1
183.45938,0.006448285,-0.04900971,1
184.43523,0.0,-0.023560837,1
185.41107,0.0,0.027498078,1
186.38692,0.007525855,8.599331e-07,1
187.36278,0.0,-0.021644318,1
188.33862,0.001601907,0.0,1
189.31447,0.0,-0.005853071,1
190.29031,0.0,0.0,1
191.26616,0.0,0.0,1
192.242,0.0,0.0,1
193.21786,0.0,0.0057395217,1
194.19371,0.0015708178,0.0,1
195.16956,0.0,-0.0057394765,1
196.1454,0.0,0.0,1
197.12125,0.0,0.0025615909,1
198.09709,0.00070107303,0.027658813,1
199.07294,0.0075698458,0.027050825,1
200.0488,0.008104479,-0.00975511,1
201.02464,0.004900041,-0.029612262,1
202.00049,0.0,-0.017903842,1
202.97633,0.0,0.0,1
203.95218,0.0,0.0,1
204.92802,0.0,0.039179046,1
205.90388,0.010723029,0.01098121,1
206.87973,0.0030057216,-0.014254439,1
207.85558,0.00682178,0.014667826,1
208.83142,0.007020109,-0.024925519,1
209.80727,0.0,-0.025650175,1
210.78311,0.0,0.034051564,1
211.75897,0.009319674,0.01659168,1
212.73482,0.004541176,-0.015539357,1
213.71066,0.00506676,-0.016592614,1
214.68651,0.0,-0.003594143,1
215.66235,0.0040830914,0.11120144,1
216.6382,0.030434342,0.0418775,1
217.61406,0.0155438455,0.06999762,1
218.5899,0.04959114,0.17818849,1
219.56575,0.064311646,0.081218556,1
220.5416,0.071819566,0.0854252,1
221.51744,0.08769138,0.05809171,1
222.49329,0.087718494,-0.0015249647,1
223.46913,0.087274015,-0.081174724,1
224.44499,0.065501556,-0.08095524,1
225.42084,0.06511715,-0.027895344,1
226.39668,0.057866976,-0.091404475,1
227.37253,0.040100973,-0.1689222,1
228.34837,0.011635235,-0.09471812,1
229.32422,0.014177896,-0.0425117,1
230.30008,0.0,-0.043453652,1
231.27592,0.002284865,0.02302236,1
232.25177,0.006300911,-0.008348472,1
233.22762,0.0,0.003099107,1
234.20346,0.007149095,0.0,1
235.1793,0.0,0.03773751,1
236.15517,0.01747781,0.0012947157,1
237.13101,0.0003548901,-0.04616456,1
238.10686,0.00484319,-0.0012967025,1
239.0827,0.0,0.010353683,1
240.05855,0.007676854,0.034100797,1
241.0344,0.009332931,-0.028048953,1
242.01025,0.0,-0.0341,1
242.9861,0.0,0.0,1
243.96194,0.0,0.0,1
244.93779,0.0,0.0,1
245.91364,0.0,0.02468341,1
246.88948,0.0067555183,0.033373304,1
247.86533,0.009133825,-0.024682557,1
248.84119,0.0,-0.03337252,1
249.81703,0.0,0.0,1
250.79288,0.0,0.002592474,1
251.76872,0.00070952537,0.00095578603,1
252.74457,0.0002615858,-0.002592474,1
253.72041,0.0,0.007708784,1
254.69627,0.0023714341,-2.7096914e-07,1
255.67212,0.0,0.005818553,1
256.64795,0.0039637825,9.058481e-07,1
257.6238,0.0,0.017207168,1
258.59967,0.008673227,0.081277125,1
259.5755,0.022244304,-0.008054344,1
260.55136,0.006467943,0.01083451,1
261.5272,0.025208488,0.071898594,1
262.50305,0.026145063,-0.014065112,1
263.4789,0.021358997,0.020984482,1
264.45474,0.03188776,0.087243974,1
265.4306,0.045236588,0.04993676,1
266.40643,0.04555519,0.017928815,1
267.3823,0.050143596,-0.055354644,1
268.35812,0.03040613,0.0049747042,1
269.33398,0.051506378,0.0034639256,1
270.30984,0.031354174,-0.043881107,1
271.28568,0.039495826,0.012398985,1
272.26154,0.034747202,0.0023629195,1
273.23737,0.040142212,-0.005104942,1
274.21323,0.033349663,-0.03166759,1
275.18906,0.03147507,-0.062822714,1
276.16492,0.016155504,-0.09563246,1
277.14078,0.0053013433,0.043235127,1
278.1166,0.02798733,-0.018633764,1
279.09247,0.00019995372,-0.08881571,1
280.0683,0.0036786865,-0.000729776,1
281.04416,0.0,0.020238563,1
282.02002,0.009217796,0.08921466,1
282.99585,0.024416668,-0.026629075,1
283.9717,0.0019285973,-0.07129924,1
284.94754,0.0049022287,-0.0063808444,1
285.9234,0.00018200542,-0.0051974375,1
286.89923,0.0034795091,0.0095259715,1
287.8751,0.0027890112,-0.0032024093,1
288.85095,0.002603039,-0.010190806,1
289.82678,0.0,0.027276043,1
290.80264,0.010068521,0.018295804,1
291.77847,0.005007789,0.017072484,1
292.75433,0.0147414915,0.11761012,1
293.73016,0.037195705,0.03119408,1
294.70602,0.023277754,-0.052065067,1
295.6819,0.02294597,0.0973896,1
296.6577,0.049931128,0.099346235,1
297.63358,0.05013486,0.017298058,1
298.6094,0.054665245,0.041001994,1
299.58527,0.061356615,0.022429485,1
300.56113,0.06080399,0.039511338,1
301.53696,0.072169974,0.06082486,1
302.51282,0.07745074,-0.008336485,1
303.48865,0.06988879,0.0405467,1
304.4645,0.08854864,0.02721904,1
305.44034,0.077339225,0.0020336935,1
306.4162,0.08910595,0.067010276,1
307.39206,0.09567932,0.06758563,1
308.3679,0.107603066,0.0060019116,1
309.34375,0.09732126,-0.028031386,1
310.31958,0.09993085,-0.019438066,1
311.29544,0.09200098,0.011082931,1
312.27127,0.102963515,0.03881652,1
313.24713,0.102624185,-0.01877361,1
314.223,0.09782535,0.04000426,1
315.19882,0.11357218,0.030522829,1
316.17468,0.106178306,0.0930696,1
317.1505,0.13904282,0.070260055,1
318.12637,0.12540607,0.03871217,1
319.10223,0.149638,0.04109844,1
320.07806,0.13665535,0.047005594,1
321.05392,0.16250399,0.07471057,1
322.02975,0.15710361,-0.007328087,1
323.0056,0.16049865,0.0049881465,1
323.98145,0.15846898,-0.058109004,1
324.9573,0.14459461,-0.052515697,1
325.93317,0.14409591,-0.08127347,1
326.909,0.12235184,-0.125764,1
327.88486,0.10967628,-0.09528192,1
328.8607,0.096274495,-0.11530665,1
329.83655,0.07811824,-0.090416476,1
330.8124,0.07152833,-0.0477532,1
331.78824,0.06504883,-0.12618965,1
332.7641,0.03699124,-0.15721911,1
333.73993,0.02201966,-0.07252242,1
334.7158,0.017143141,-0.08045716,1
335.69162,0.0,-0.040921897,1
336.66748,0.00594409,0.041548748,1
337.64334,0.011371512,-0.021720523,1
338.61917,0.0,-0.041550692,1
339.59503,0.0,0.0,1
340.57086,0.0,0.0,1
341.54672,0.0,0.0,1
342.52255,0.0,0.0,1
343.4984,0.0,0.011143987,1
344.47427,0.0030500072,-6.9702185e-07,1
345.4501,0.0,-0.011144509,1
346.42596,0.0,0.0,1
347.4018,0.0,0.0,1
348.37766,0.0,0.0,1
349.35352,0.0,0.0,1
350.32935,0.0,0.029867778,1
351.3052,0.008174665,-1.8681662e-06,1
352.28104,0.0,0.002481003,1
353.2569,0.008854214,-2.0234643e-06,1
354.23273,0.0,0.013261802,1
355.2086,0.012484457,0.028989414,1
356.18445,0.007934137,-0.04561628,1
357.16028,0.0,-0.0011684676,1
358.13614,0.007614829,-1.7402263e-06,1
359.11197,0.0,-0.027824042,1
360.08783,0.0,0.039168585,1
361.06366,0.010719581,0.023420561,1
362.03952,0.006409423,0.0009173591,1
363.01538,0.010970653,-0.023420619,1
363.9912,0.0,-0.040085983,1
364.96707,0.0,0.006503068,1
365.9429,0.0017797468,4.0672774e-07,1
366.91876,0.0,-0.0065027634,1
367.89462,0.0,0.02388157,1
368.87045,0.0065358607,1.4936483e-06,1
369.8463,0.0,0.0011848668,1
370.82214,0.0068597244,1.5676612e-06,1
371.798,0.0,-0.013379302,1
372.77383,0.003197675,7.307686e-07,1
373.7497,0.0,-0.011683529,1
374.72556,0.0,0.0,1
375.7014,0.0,0.019524645,1
376.67725,0.0053438004,0.024887312,1
377.65308,0.006811445,-0.01952431,1
378.62894,0.0,0.048493695,1
379.60477,0.020082679,0.06737608,1
380.58063,0.018439248,-0.0077173705,1
381.5565,0.017970504,-0.006641927,1
382.53232,0.01662147,0.1193368,1
383.50818,0.050632488,0.20464371,1
384.484,0.072630085,0.03678827,1
385.45987,0.060699876,-0.016469587,1
386.43573,0.06812251,0.035162464,1
387.41156,0.07032354,0.037780277,1
388.38742,0.078462645,-0.04655438,1
389.36325,0.057583146,-0.12744239,1
390.3391,0.043583587,-0.08941828,1
391.31494,0.033110455,-0.098117836,1
392.2908,0.016729865,-0.062446937,1
393.26666,0.016019301,-0.06000752,1
394.2425,0.000307082,-0.04591957,1
395.21835,0.0034523206,-0.0011227747,1
396.19418,0.0,0.022294741,1
397.17004,0.009554498,0.014311314,1
398.14587,0.0039172894,-0.034910556,1
399.12173,0.0,0.0058026905,1
400.0976,0.0055054324,-1.2581633e-06,1
401.07343,0.0,-0.020116458,1
402.0493,0.0,0.10302916,1
403.02512,0.028196817,0.012720213,1
404.00098,0.0034796968,-0.10302433,1
404.97684,0.0,-0.012713769,1
405.95267,0.0,0.051190972,1
406.92853,0.01401072,0.011060218,1
407.90436,0.003027815,0.02547048,1
408.88022,0.020982552,-0.011067524,1
409.85605,0.0,-0.07666875,1
410.8319,0.0,0.022457695,1
411.80777,0.0061464654,0.055467952,1
412.7836,0.015180744,-0.002667775,1
413.75946,0.005415743,-0.028374061,1
414.7353,0.0074147778,-0.019787045,1
415.71115,0.0,-0.0270918,1
416.687,0.0,0.03209337,1
417.66284,0.008783249,0.0027258263,1
418.6387,0.000745496,0.015832672,1
419.61453,0.013115801,-0.002720992,1
420.5904,0.0,-0.019011617,1
421.56622,0.00791192,1.8081207e-06,1
422.54208,0.0,-0.028908236,1
423.51794,0.0,0.0,1
424.49377,0.0,0.0,1
425.46964,0.0,0.0,1
426.44547,0.0,0.0,1
427.42133,0.0,0.037014693,1
428.39716,0.010130107,0.0004944716,1
429.37302,0.00013470084,-0.037012957,1
430.34888,0.0,0.027494052,1
431.3247,0.00765921,0.009790901,1
432.30057,0.0026792428,-0.02798507,1
433.2764,0.0,0.015575754,1
434.25226,0.006942418,0.0,1
435.22812,0.0,-0.016496498,1
436.20395,0.002427255,5.5470355e-07,1
437.1798,0.0,0.046034742,1
438.15564,0.0150258,3.4338643e-06,1
439.1315,0.0,-0.054899774,1
440.10733,0.0,0.02408087,1
441.0832,0.0065908167,0.0,1
442.05905,0.0,-0.02408087,1
443.03488,0.0,0.0,1
444.01074,0.0,0.0152907,1
444.98657,0.0041847285,9.563412e-07,1
445.96243,0.0,-0.015289745,1
446.93826,0.0,0.026020963,1
447.91412,0.0071218107,0.07117106,1
448.88998,0.019478867,0.035562452,1
449.8658,0.016855245,-0.0025979842,1
450.84167,0.018767973,0.07293025,1
451.8175,0.03681477,0.055713616,1
452.79337,0.034015387,0.022954883,1
453.76923,0.043097313,-0.0011451979,1
454.74506,0.03370254,0.0046239602,1
455.72092,0.044363454,0.10908691,1
456.69675,0.0635579,-0.032633204,1
457.6726,0.0354307,-0.08631083,1
458.64844,0.03993477,-0.061696887,1
459.6243,0.018544277,-0.10797595,1
460.60016,0.010382739,-0.06633292,1
461.576,0.0003899052,0.025230648,1
462.55185,0.01728887,0.034179997,1
463.52768,0.0097452765,-0.026711302,1
464.50354,0.009978588,-0.020722406,1
465.47937,0.0040740254,-0.005444581,1
466.45523,0.008488801,0.08338408,1
467.4311,0.026895486,0.03592593,1
468.40692,0.01832209,-0.061194412,1
469.38278,0.010147408,-0.0600242,1
470.3586,0.0018942761,-0.014242783,1
471.33447,0.006249743,0.09476378,1
472.31033,0.027830254,0.11203439,1
473.28616,0.03691244,0.04305427,1
474.26202,0.039613426,0.05591556,1
475.23785,0.052215476,0.07688752,1
476.2137,0.060656372,-0.0019914545,1
477.18954,0.05167099,-0.022895616,1
478.1654,0.054390512,0.066158876,1
479.14127,0.06977807,0.07208592,1
480.1171,0.07411981,0.029421851,1
481.09296,0.07783041,-0.05387848,1
482.0688,0.059374694,-0.050171718,1
483.04465,0.0640998,-0.04004412,1
484.0205,0.048414983,-0.07006363,1
484.99634,0.044923946,-0.14169091,1
485.9722,0.00963509,-0.06307057,1
486.94803,0.027660714,0.043960452,1
487.9239,0.021665722,-0.049615514,1
488.89972,0.014081667,-0.05648778,1
489.87558,0.006205765,-0.051450998,1
490.85144,0.0,-0.0094632665,1
491.82727,0.0036154892,8.2625223e-07,1
492.80313,0.0,-0.013209915,1
493.77896,0.0,0.0,1
494.75482,0.0,0.0062329574,1
495.73065,0.0017058235,0.018441282,1
496.7065,0.005047182,-0.0062326654,1
497.68237,0.0,-0.014784407,1
498.6582,0.0010006998,0.011185012,1
499.63406,0.0030612207,0.06644491,1
500.6099,0.019185342,-0.011181098,1
501.58575,0.0,-0.053954974,1
502.5616,0.0044183577,0.0368438,1
503.53745,0.010083615,-0.012879023,1
504.5133,0.00089307735,-0.033147134,1
505.48914,0.001011398,0.0062234174,1
506.465,0.0025963888,-0.0036959385,1
507.44083,0.0,-0.00948702,1
508.4167,0.0,0.031974893,1
509.39255,0.008751236,-1.9999306e-06,1
510.36838,0.0,0.0028313485,1
511.34424,0.009526709,-2.1771507e-06,1
512.32007,0.0,-0.034809377,1
513.2959,0.0,0.0034972879,1
514.2718,0.00095723564,0.018520443,1
515.2476,0.0050686784,0.058152452,1
516.22345,0.016872533,-0.00593762,1
517.19934,0.003442028,0.010557386,1
518.1752,0.019760132,0.07970713,1
519.151,0.025256457,-0.015988333,1
520.12683,0.015384408,-0.022101175,1
521.1027,0.019208424,0.06770299,1
522.07855,0.033913415,0.018804094,1
523.0544,0.024354773,-0.01624,1
524.0303,0.029469594,0.12386337,1
525.0061,0.05825356,0.08324295,1
525.98193,0.052251715,-0.023730157,1
526.9578,0.051759183,0.112036794,1
527.93365,0.082913175,0.099514425,1
528.9095,0.07899452,0.06388168,1
529.8853,0.10039646,0.105801314,1
530.8612,0.107950516,0.06669959,1
531.83704,0.11865132,0.102014564,1
532.81287,0.1358701,0.017133297,1
533.78876,0.1233387,0.00078798516,1
534.7646,0.13608417,-0.009202414,1
535.7404,0.120820165,-0.014351521,1
536.71625,0.13215642,0.032007866,1
537.69214,0.12957956,-0.08592737,1
538.66797,0.10864002,-0.07989968,1
539.6438,0.10771243,0.0037860586,1
540.6197,0.10967643,-0.038294904,1
541.5955,0.097232364,-0.09528184,1
542.57135,0.08359948,-0.04949783,1
543.5472,0.08368569,-0.031331748,1
544.5231,0.075023726,-0.073485106,1
545.4989,0.06357366,-0.013029782,1
546.47473,0.07145771,0.019309064,1
547.4506,0.06885773,0.0039244383,1
548.42645,0.072531395,0.025607314,1
549.4023,0.075866,0.028010879,1
550.3781,0.080197476,0.06665748,1
551.354,0.094110146,0.061905053,1
552.32983,0.097141,0.07372542,1
553.30566,0.11428749,0.053939607,1
554.28156,0.111902565,0.07305862,1
555.2574,0.13428141,0.07987939,1
556.2332,0.13376413,0.111696355,1
557.20905,0.16485071,0.103589475,1
558.18494,0.16211353,0.12793286,1
559.16077,0.19986223,0.13954367,1
560.1366,0.20030417,0.16845833,1
561.1125,0.24597056,0.17406614,1
562.0883,0.2479472,0.16900234,1
563.06415,0.2922235,0.14428274,1
564.04004,0.287433,0.074134685,1
565.01587,0.3125116,0.0575761,1
565.9917,0.30319056,-0.06640126,1
566.9675,0.29433873,-0.10274772,1
567.9434,0.27506882,-0.28165835,1
568.91925,0.21725382,-0.3277545,1
569.8951,0.18536822,-0.15584882,1
570.871,0.17460075,-0.13417915,1
571.8468,0.14864556,-0.2877043,1
572.82263,0.09586119,-0.15790594,1
573.79846,0.1054295,0.020169865,1
574.77435,0.10138065,-0.056436628,1
575.7502,0.08998376,-0.09833846,1
576.726,0.07446716,-0.025868451,1
577.7019,0.08290531,0.00093677844,1
578.67773,0.07472458,-0.0631641,1
579.65356,0.06561841,-0.045981787,1
580.6294,0.062140178,-0.04854793,1
581.6053,0.052330893,-0.060029767,1
582.5811,0.045710374,0.0072900984,1
583.55695,0.054326065,-0.049011365,1
584.53284,0.032294497,0.030861447,1
585.50867,0.06276927,0.023890758,1
586.4845,0.038832977,-0.077274695,1
587.4603,0.041620556,0.047288142,1
588.4362,0.051775776,0.049398664,1
589.41205,0.055140942,0.082872875,1
590.3879,0.07445662,0.16297461,1
591.3638,0.09974598,0.056843664,1
592.3396,0.090016395,0.035728574,1
593.3154,0.10952426,0.15862767,1
594.2913,0.13343161,0.1506534,1
595.26715,0.15075712,0.17968994,1
596.243,0.18260957,0.22716156,1
597.2188,0.2129272,0.21117732,1
598.1947,0.2404067,0.16651697,1
599.17053,0.25850195,0.19658054,1
600.14636,0.2942073,0.36290684,1
601.12225,0.35782802,0.3217923,1
602.0981,0.38228133,0.3196202,1
603.0739,0.4453024,0.42448413,1
604.04974,0.49845508,0.44199714,1
605.02563,0.5662739,0.58871204,1
606.00146,0.65957856,0.5619302,1
606.9773,0.7200643,0.67055494,1
607.9532,0.8431072,0.5863598,1
608.929,0.88055086,0.42478368,1
609.90485,0.95936304,0.39885855,1
610.8807,0.9897114,0.14848168,1
611.85657,1.0,-0.21170752,1
612.8324,0.93177384,-0.56673706,1
613.8082,0.8448941,-0.83376473,1
614.7841,0.70357674,-1.0,1
615.75995,0.57120264,-0.8596546,1
616.7358,0.4683045,-0.78026885,1
617.7116,0.35765687,-0.6253847,1
618.6875,0.29714563,-0.4131054,1
619.6633,0.24459317,-0.34796062,1
620.63916,0.201915,-0.2953683,1
621.61505,0.1637539,-0.21423393,1
622.5909,0.14328001,-0.17243107,1
623.5667,0.11656256,-0.19411448,1
624.54254,0.09015432,-0.12140545,1
625.51843,0.08333623,-0.12537496,1
626.49426,0.055841632,-0.119149245,1
627.4701,0.050727192,-0.052717928,1
628.446,0.04141296,0.012253008,1
629.4218,0.054079346,-0.04497939,1
630.39764,0.029102897,-0.09009532,1
631.37354,0.02942267,-0.042545244,1
632.34937,0.01745942,-0.025186822,1
633.3252,0.022529483,-0.063794486,1
634.301,0.0,-0.05364727,1
635.2769,0.007848617,0.08912987,1
636.25275,0.024393486,-0.028677842,1
637.2286,0.0,-0.08913346,1
638.20447,0.0,0.0,1
639.1803,0.0,0.08662385,1
640.1561,0.023707414,0.0,1
641.13196,0.0,-0.08662656,1
642.10785,0.0,0.0,1
643.0837,0.0,0.0,1
644.0595,0.0,0.0,1
645.0354,0.0,0.023445679,1
646.0112,0.006416466,0.0021676864,1
646.98706,0.0005932573,-0.020957155,1
647.9629,0.00068086415,0.0003932008,1
648.9388,0.0007008686,-0.0024878772,1
649.9146,0.0,0.03902397,1
650.89044,0.0113810375,5.2016826e-06,1
651.86633,0.0,-0.02101576,1
652.84216,0.005628152,0.068402626,1
653.818,0.018720586,0.031508926,1
654.7938,0.014251587,-0.007360603,1
655.7697,0.01670649,-0.028984921,1
656.74554,0.0063194814,-0.013082777,1
657.7214,0.013125966,0.08763209,1
658.69727,0.030304234,0.09820818,1
659.6731,0.040005114,0.08505973,1
660.6489,0.053583577,0.020248247,1
661.6248,0.045545526,0.09005947,1
662.60065,0.07822947,0.14668134,1
663.5765,0.08568961,0.058044344,1
664.5523,0.09411518,0.064411774,1
665.5282,0.10331858,0.034473542,1
666.504,0.10355084,0.09439404,1
667.47986,0.12915257,0.0775823,1
668.45575,0.12478253,0.018065799,1
669.4316,0.13409615,-0.047704823,1
670.4074,0.111726575,-0.09451367,1
671.38324,0.108229436,-0.07256644,1
672.35913,0.09186501,-0.09373187,1
673.33496,0.082575426,-0.06700347,1
674.3108,0.07352735,-0.12714083,1
675.2867,0.047777105,-0.098119706,1
676.2625,0.04667134,-0.08177099,1
677.23834,0.025397833,-0.04834424,1
678.2142,0.033440378,0.0033231552,1
679.19006,0.026306404,-0.07308963,1
680.1659,0.013436771,-0.08645423,1
681.1417,0.0026454122,-0.024330385,1
682.1176,0.0067787017,0.01204586,1
683.09344,0.0059425645,-0.013759209,1
684.0693,0.00301305,-0.021713369,1
685.0451,0.0,-0.011009643,1
686.021,0.0,0.016992468,1
686.9968,0.004650392,0.040131383,1
687.97266,0.010983249,-0.016987449,1
688.94855,0.0,-0.026255934,1
689.9244,0.003796316,0.016966067,1
690.9002,0.004643312,-0.013871252,1
691.87604,0.0,-0.002033212,1
692.8519,0.004087387,0.031511515,1
693.82776,0.008624386,-0.014934789,1
694.8036,0.0,-0.031513385,1
695.7795,0.0,0.039249398,1
696.7553,0.010741528,0.034424126,1
697.73114,0.009421274,-0.039245088,1
698.70703,0.0,-0.029829847,1
699.68286,0.0012564491,0.0,1
700.6587,0.0,0.006846356,1
701.6345,0.0031301756,1.4306411e-06,1
702.6104,0.0,-0.011436187,1
703.58624,0.0,0.025561849,1
704.5621,0.006995825,3.1974291e-06,1
705.53796,0.0,-0.009804708,1
706.5138,0.0043116584,0.009539293,1
707.4896,0.0026107356,-0.0011374324,1
708.46545,0.0040003634,-0.009537763,1
709.44135,0.0,-0.014615443,1
710.4172,0.0,0.0,1
711.393,0.0,0.018248396,1
712.3689,0.0049947314,0.05564792,1
713.3447,0.015229998,-0.018250108,1
714.32056,0.0,-0.054107714,1
715.2964,0.0004216751,0.00079125894,1
716.2723,0.00021652115,0.009163118,1
717.2481,0.002929354,0.027287178,1
718.22394,0.007684538,0.018320484,1
719.1998,0.007943222,0.019907026,1
720.17566,0.013132599,0.00064354535,1
721.1515,0.008119349,-0.04798483,1
722.1273,0.0,0.013039087,1
723.1032,0.011689268,0.08966001,1
724.07904,0.024539052,-0.005506223,1
725.0549,0.010182313,-0.04676181,1
726.03076,0.011741768,0.08548825,1
727.0066,0.033578396,0.020703472,1
727.9824,0.01740794,-0.012557946,1
728.9583,0.03014321,0.112510376,1
729.93414,0.048200667,0.042449288,1
730.91,0.04176083,0.028020056,1
731.8858,0.05586926,0.09849266,1
732.8617,0.0687173,0.09726405,1
733.8375,0.082489476,0.07082667,1
734.81335,0.088101305,0.06699,1
735.78925,0.10082448,0.13136716,1
736.7651,0.12405463,0.14860988,1
737.7409,0.14149638,0.15896505,1
738.71674,0.16756055,0.16479665,1
739.6926,0.1865993,0.12958284,1
740.66846,0.20302632,0.1819181,1
741.6443,0.23638706,0.21534853,1
742.6202,0.2619648,0.2126974,1
743.596,0.29459992,-0.0016250634,1
744.57184,0.26152006,-0.055838402,1
745.54767,0.27931795,0.04379914,1
746.52356,0.27350605,-0.100770295,1
747.4994,0.251739,-0.18301041,1
748.4752,0.22341934,-0.19604073,1
749.4511,0.19808464,-0.23020405,1
750.42694,0.16041535,-0.22731914,1
751.4028,0.13587143,-0.14479062,1
752.3786,0.12078872,-0.10617937,1
753.3545,0.10681119,-0.19023347,1
754.3303,0.068725064,-0.22706741,1
755.30615,0.044666857,-0.08688756,1
756.28204,0.04494626,-0.07294894,1
757.2579,0.024702681,-0.056204885,1
758.2337,0.029563978,-0.038435627,1
759.20953,0.0141835315,-0.04899443,1
760.1854,0.016155738,-0.023630165,1
761.16125,0.007716822,-0.0041435105,1
762.1371,0.015021734,-0.024213081,1
763.113,0.001088595,-0.054882836,1
764.0888,0.0,-0.0039775865,1
765.06464,0.0,0.0,1
766.0405,0.0,0.0,1
767.01636,0.0,0.0039584716,1
767.9922,0.0010833635,0.0,1
768.968,0.0,0.022432916,1
769.9439,0.0072235675,0.050460227,1
770.91974,0.0138105415,-0.023980742,1
771.89557,0.00066046335,-0.046980113,1
772.87146,0.00095335604,0.016765265,1
773.8473,0.0052487124,-0.0027220286,1
774.8231,0.00020838501,-0.019178122,1
775.79895,0.0,0.04096772,1
776.77484,0.011421603,-5.2202226e-06,1
777.7507,0.0,0.07412018,1
778.7265,0.031706985,0.018030165,1
779.7024,0.0049310336,-0.115844645,1
780.6782,0.0,-0.0147668915,1
781.65405,0.00088959665,0.015427472,1
782.6299,0.004222226,0.090963334,1
783.6058,0.025786571,0.07760264,1
784.5816,0.025462726,0.009245184,1
785.55743,0.028316814,0.049075563,1
786.5333,0.038894743,0.07512799,1
787.50916,0.048878692,0.048376225,1
788.485,0.052134458,0.025630014,1
789.4608,0.05589317,-0.042084325,1
790.4367,0.04061518,-0.1184809,1
791.41254,0.023466147,-0.07457673,1
792.38837,0.02020485,-0.045944016,1
793.36426,0.010891315,-0.07382398,1
794.3401,0.0,-0.03813877,1
795.3159,0.00045340808,0.010701223,1
796.29175,0.0029287352,0.004187312,1
797.26764,0.0015991991,0.0017354504,1
798.24347,0.0034035158,-0.0058432687,1
799.2193,0.0,0.003971601,1
800.1952,0.004491001,-2.0526038e-06,1
801.171,0.0,-0.016409542,1
802.14685,0.0,0.0,1
803.12274,0.0,0.02789548,1
804.0986,0.00763426,0.0,1
805.0744,0.0,0.04313534,1
806.05023,0.01943964,8.884852e-06,1
807.0261,0.0,-0.033719566,1
808.00195,0.010209046,0.0,1
808.9778,0.0,0.030179908,1
809.9537,0.018470807,-8.442049e-06,1
810.9295,0.0,-0.06748996,1
811.90533,0.0,5.7846606e-05,1
812.88116,1.583159e-05,0.012056086,1
813.85706,0.003299845,0.019042714,1
814.8329,0.0052277325,-0.01205721,1
815.8087,0.0,0.019401768,1
816.7846,0.010538805,0.026632708,1
817.76044,0.0072899903,-0.038507443,1
818.73627,0.0,-0.02663669,1
819.7121,0.0,0.02023597,1
820.688,0.005538747,-2.5314744e-06,1
821.6638,0.0,-0.020237872,1
822.63965,0.0,0.0,1
823.61554,0.0,0.018103002,1
824.5914,0.0049543157,0.023683567,1
825.5672,0.0064817728,-0.004571739,1
826.543,0.0037031118,-0.023682617,1
827.5189,0.0,-0.0135294255,1
828.49475,0.0,0.0,1
829.4706,0.0,0.0,1
830.4465,0.0,0.0,1
831.4223,0.0,0.06645316,1
832.39813,0.018187054,0.035879966,1
833.374,0.009818358,-0.008941661,1
834.34985,0.015738908,0.01201171,1
835.3257,0.013105751,-0.046850435,1
836.3015,0.002916774,-0.031040559,1
837.2774,0.0046109785,-0.0106586255,1
838.25323,0.0,-0.016847925,1
839.22906,0.0,0.0,1
840.20496,0.0,0.0,1
841.1808,0.0,0.0,1
842.1566,0.0,0.032660425,1
843.13245,0.00893858,4.085362e-06,1
844.10834,0.0,-0.03265736,1
845.08417,0.0,0.0,1
846.06,0.0,0.0,1
847.0359,0.0,0.008361832,1
848.0117,0.002288414,0.022522854,1
848.98755,0.006164106,-0.0083615715,1
849.9634,0.0,-0.022523558,1
850.9393,0.0,0.034612514,1
851.9151,0.009472536,0.013138561,1
852.8909,0.0035957913,-0.02168685,1
853.8668,0.003537408,-0.013138944,1
854.84265,0.0,-0.012925236,1
855.8185,0.0,0.025174845,1
856.7943,0.0068899095,3.1490206e-06,1
857.7702,0.0,0.013020583,1
858.74603,0.010452439,0.018647894,1
859.72186,0.0051035983,-0.038190737,1
860.69775,0.0,-0.012816458,1
861.6736,0.0015954319,0.0,1
862.6494,0.0,0.060547337,1
863.62524,0.018166166,0.011478817,1
864.60114,0.0031395715,-0.066372044,1
865.57697,0.0,-0.011471592,1
866.5528,0.0,0.025794003,1
867.5287,0.007060025,-3.2267715e-06,1
868.5045,0.0,0.04083865,1
869.48035,0.01823684,0.10413389,1
870.45624,0.028499994,-0.04577087,1
871.43207,0.0057118367,-0.07461497,1
872.4079,0.008079198,0.00080655445,1
873.3837,0.005932576,-0.029518565,1
874.3596,0.0,0.017910859,1
875.33545,0.010833565,0.0,1
876.3113,0.0,-0.039585695,1
877.2872,0.0,0.0,1
878.263,0.0,0.0,1
879.23883,0.0,0.0,1
880.21466,0.0,0.01028087,1
881.19055,0.002813956,-1.2861135e-06,1
882.1664,0.0,-0.008381563,1
883.1422,0.00052007055,2.376973e-07,1
884.1181,0.0,0.036640584,1
885.09393,0.01054757,0.06698265,1
886.06976,0.018331965,-0.038539466,1
887.0456,0.0,-0.05408893,1
888.0215,0.003529689,-1.613238e-06,1
888.9973,0.0,-0.012897031,1
889.97314,0.0,0.0,1
890.94904,0.0,0.0,1
891.92487,0.0,0.0,1
892.9007,0.0,0.011670185,1
893.8765,0.003193923,1.4597767e-06,1
894.8524,0.0,-0.0073517617,1
895.82825,0.0011815395,0.0,1
896.8041,0.0,0.018052382,1
897.77997,0.0061227684,0.013353234,1
898.7558,0.0036551952,0.036187753,1
899.7316,0.016026715,-0.013348708,1
900.7075,0.0,-0.058554064,1
901.68335,0.0,0.0,1
902.6592,0.0,0.037774675,1
903.635,0.010338259,0.025837803,1
904.6109,0.0070707197,-0.037774358,1
905.58673,0.0,-0.025835505,1
906.56256,0.0,0.0,1
907.53845,0.0,0.0,1
908.5143,0.0,0.0,1
909.4901,0.0,0.0,1
910.46594,0.0,0.06818846,1
911.44183,0.018663725,0.0093145855,1
912.41766,0.0025514916,-0.06819486,1
913.3935,0.0,-0.009323115,1
914.3694,0.0,0.01983748,1
915.3452,0.005428997,0.0,1
916.32104,0.0,-0.019836858,1
917.2969,0.0,0.028398223,1
918.27277,0.00777282,0.0241537,1
919.2486,0.0066112056,-0.028400889,1
920.2244,0.0,-0.023183525,1
921.2003,0.0002665173,-1.2181125e-07,1
922.17615,0.0,0.0074338433,1
923.152,0.0023010285,0.020645438,1
924.1278,0.0056502908,0.018151725,1
925.1037,0.0072688814,-0.009538612,1
926.0795,0.003040025,-0.0012766605,1
927.05536,0.0069194823,0.020135539,1
928.03125,0.008550798,-0.025284437,1
929.0071,0.0,-0.022770349,1
929.9829,0.0023189562,0.0,1
930.95874,0.0,0.0073037893,1
931.93463,0.004318352,-1.973695e-06,1
932.91046,0.0,-0.015778704,1
933.8863,0.0,0.0,1
934.8622,0.0,0.0022773799,1
935.838,0.00062325905,0.007637123,1
936.81384,0.0020901454,0.06685307,1
937.78973,0.018921293,0.010118482,1
938.76556,0.004861413,-0.069135986,1
939.7414,0.0,-0.01776298,1
940.7172,0.0,0.044848315,1
941.6931,0.012275342,0.01683644,1
942.66895,0.0046092267,-0.011937104,1
943.6448,0.0090083685,0.06056864,1
944.62067,0.021186795,-0.008208795,1
945.5965,0.0067633595,-0.077413835,1
946.5723,0.0,-0.024712449,1
947.54816,0.0,0.0,1
948.52405,0.0,0.0,1
949.4999,0.0,0.060634706,1
950.4757,0.016594645,0.0019892494,1
951.4516,0.0005423975,-0.06062926,1
952.4274,0.0,-0.001981851,1
953.40326,0.0,0.0,1
954.3791,0.0,0.0,1
955.355,0.0,0.026567852,1
956.3308,0.007270923,0.0,1
957.30664,0.0,-0.026567852,1
958.28253,0.0,0.0,1
959.25836,0.0,0.0,1
960.2342,0.0,0.0,1
961.21,0.0,0.016760144,1
962.1859,0.0045873853,0.038047325,1
963.16174,0.010413127,-0.016761718,1
964.1376,0.0,-0.027167672,1
965.11346,0.0029784215,0.013081011,1
966.0893,0.0035803015,-4.9314658e-05,1
967.0651,0.0029649248,-0.01062084,1
968.041,0.00067337014,0.029064193,1
969.01685,0.010918743,-0.0024604083,1
969.9927,0.0,-0.039895687,1
970.9685,0.0,0.049858626,1
971.9444,0.013646704,-6.2372014e-06,1
972.9202,0.0,-0.04986331,1
973.89606,0.0,0.0050787395,1
974.87195,0.0013900915,-6.353388e-07,1
975.8478,0.0,-0.0050792163,1
976.8236,0.0,0.0,1
977.79944,0.0,0.0,1
978.7753,0.0,0.026634183,1
979.75116,0.007289076,0.082478486,1
980.727,0.022572901,0.0021087162,1
981.7029,0.007864337,-0.06587909,1
982.6787,0.004541684,-0.028735282,1
983.65454,0.0,-0.000528115,1
984.6304,0.0043971483,2.0097086e-06,1
985.60626,0.0,-0.009415068,1
986.5821,0.0018199414,0.028310915,1
987.5579,0.0077481964,-0.0066464995,1
988.5338,0.0,-0.007747931,1
989.50964,0.0056268214,0.013159951,1
990.4855,0.0036016456,-0.013061989,1
991.4613,0.002051986,0.014368302,1
992.4372,0.0075345584,-0.007500434,1
993.413,0.0,-0.0031430263,1
994.38885,0.0066743675,0.035706412,1
995.36475,0.009772295,-0.02438946,1
996.3406,0.0,-0.035706714,1
997.3164,0.0,0.0,1
998.29224,0.0,0.004824418,1
999.2681,0.0013204818,0.028283112,1
1000.24396,0.0077405097,-0.0048248707,1
1001.2198,0.0,-0.028283715,1
1002.1957,0.0,0.010299912,1
1003.1715,0.0028188152,0.020518102,1
1004.14734,0.005615441,-0.010297345,1
1005.1232,0.0,-0.020516176,1
1006.09906,0.0,0.0,1
1007.0749,0.0,0.0,1
1008.0507,0.0,0.0755189,1
1009.0266,0.020670125,-9.447243e-06,1
1010.00244,0.0,-0.07481204,1
1010.9783,0.00019539412,8.9304535e-08,1
1011.95416,0.0,-0.0007138781,1
1012.93,0.0,0.0,1
1013.9058,0.0,0.01893302,1
1014.88165,0.0051816325,0.024042515,1
1015.85754,0.0065799803,-0.01893425,1
1016.8334,0.0,-0.024042403,1
1017.8092,0.0,0.032110874,1
1018.7851,0.008789003,0.011003537,1
1019.7609,0.0030124784,-0.03211389,1
1020.73676,0.0,0.00033445685,1
1021.7126,0.0031040132,0.011679625,1
1022.6885,0.0031964183,0.013478426,1
1023.6643,0.0067927158,-0.011679303,1
1024.6401,0.0,-0.024819713,1
1025.616,0.0,0.0,1
1026.5918,0.0,0.0026215247,1
1027.5677,0.0007175995,-6.559141e-07,1
1028.5436,0.0,-0.0010603121,1
1029.5194,0.00042741088,0.010516025,1
1030.4952,0.0028780499,-0.0015617046,1
1031.4711,0.0,-0.010516025,1
1032.4469,0.0,0.013912574,1
1033.4227,0.0038076253,3.4803186e-06,1
1034.3987,0.0,-0.013909964,1
1035.3745,0.0,0.0,1
1036.3503,0.0,0.0,1
1037.3262,0.0,0.0,1
1038.302,0.0,0.0,1
1039.2778,0.0,0.0,1
1040.2537,0.0,0.012816731,1
1041.2296,0.0035083706,0.027348908,1
1042.2054,0.007485321,0.021048116,1
1043.1813,0.009268867,-0.004011294,1
1044.1571,0.0063875006,-0.030869821,1
1045.1329,0.0008203436,-0.023339108,1
1046.1088,0.0,0.028687289,1
1047.0846,0.008671546,7.926133e-06,1
1048.0605,0.0,0.012749839,1
1049.0364,0.012158563,0.0,1
1050.0122,0.0,-0.044425834,1
1050.988,0.0,0.00042943287,1
1051.9639,0.000117528165,0.0077564595,1
1052.9397,0.0021228055,-0.0004275194,1
1053.9156,0.0,-0.007755004,1
1054.8915,0.0,0.028418018,1
1055.8673,0.0077775083,0.010187274,1
1056.8431,0.0027880764,-0.028418018,1
1057.819,0.0,-0.010187274,1
1058.7948,0.0,0.0,1
1059.7706,0.0,0.0,1
1060.7466,0.0,0.05022792,1
1061.7224,0.013745632,0.0,1
1062.6982,0.0,-0.050224777,1
1063.6741,0.0,0.034521606,1
1064.6499,0.009447952,0.02165058,1
1065.6257,0.00592538,-0.034521606,1
1066.6016,0.0,-0.021651935,1
1067.5775,0.0,0.0,1
1068.5533,0.0,0.0,1
1069.5292,0.0,0.012903053,1
1070.505,0.003531337,0.008344429,1
1071.4808,0.0022837224,0.049994845,1
1072.4567,0.017214041,-0.008344429,1
1073.4325,0.0,-0.021241892,1
1074.4084,0.011403728,0.025318043,1
1075.3843,0.006931519,0.006627821,1
1076.3601,0.013217646,-0.025326883,1
1077.3359,0.0,-0.037054934,1
1078.3118,0.0030763668,0.05270886,1
1079.2876,0.014425482,-0.01124065,1
1080.2634,0.0,-0.052712157,1
1081.2394,0.0,0.0,1
1082.2152,0.0,0.0,1
1083.191,0.0,0.024995496,1
1084.1669,0.006840825,0.038260095,1
1085.1427,0.01047111,-0.024995496,1
1086.1185,0.0,-0.021207519,1
1087.0944,0.004666988,4.26581e-06,1
1088.0703,0.0,0.027245538,1
1089.0461,0.0121219745,0.0321558,1
1090.022,0.008800473,-0.04429214,1
1090.9978,0.0,-0.0321558,1
1091.9736,0.0,0.0060645416,1
1092.9495,0.0016597576,0.0,1
1093.9253,0.0,0.04976055,1
1094.9012,0.01528131,-1.3967718e-05,1
1095.8771,0.0,-0.029073138,1
1096.8529,0.0073245075,0.0,1
1097.8287,0.0,-0.026762811,1
1098.8046,0.0,0.0,1
1099.7804,0.0,0.0,1
1100.7562,0.0,0.06623651,1
1101.7322,0.018131163,0.05839075,1
1102.708,0.015984049,-0.060394373,1
1103.6838,0.0016022935,-0.058403663,1
1104.6597,0.0,0.022109203,1
1105.6355,0.0076531908,0.0,1
1106.6113,0.0,0.017673258,1
1107.5872,0.012490048,0.044483747,1
1108.5631,0.0121735735,-0.0456396,1
1109.539,0.0,-0.043424487,1
1110.5148,0.00028906032,0.004883835,1
1111.4906,0.0013366191,0.047929063,1
1112.4664,0.013406397,0.004695632,1
1113.4423,0.0026217306,-0.048985254,1
1114.4181,0.0,-0.009580067,1
1115.394,0.0,0.0,1
1116.3699,0.0,0.0,1
1117.3457,0.0,0.0,1
1118.3215,0.0,0.0,1
1119.2974,0.0,0.0,1
1120.2732,0.0,0.0,1
1121.2491,0.0,0.048945792,1
1122.225,0.013394758,0.062202055,1
1123.2008,0.0170236,-0.04894273,1
1124.1766,0.0,-0.03656648,1
1125.1525,0.0070160027,0.0,1
1126.1283,0.0,-0.0123274885,1
1127.1041,0.0036421872,3.329102e-06,1
1128.0801,0.0,0.0140748285,1
1129.0559,0.007493066,0.05151318,1
1130.0317,0.014098245,0.010971176,1
1131.0076,0.010495683,-0.023594415,1
1131.9834,0.0076408717,-0.028987428,1
1132.9592,0.0025623369,-0.012064505,1
1133.935,0.00433903,-0.009359071,1
1134.911,0.0,0.0016997405,1
1135.8868,0.0048031043,0.0,1
1136.8627,0.0,-0.0071497094,1
1137.8385,0.0028463555,0.0,1
1138.8143,0.0,0.03487752,1
1139.7902,0.012391714,0.0,1
1140.766,0.0,-0.04528057,1
1141.742,0.0,0.040585205,1
1142.7178,0.0111067565,0.024205837,1
1143.6936,0.006624709,-0.040582664,1
1144.6694,0.0,-0.024205837,1
1145.6453,0.0,0.023320349,1
1146.6211,0.0063823666,0.006450641,1
1147.5969,0.0017654262,-0.023320194,1
1148.5729,0.0,-0.0064494307,1
1149.5487,0.0,0.0047902036,1
1150.5245,0.0013109939,0.023254126,1
1151.5004,0.0063642426,-0.0047902036,1
1152.4762,0.0,-0.016526727,1
1153.452,0.0018411702,0.0,1
1154.4279,0.0,-0.006727821,1
1155.4038,0.0,0.0,1
1156.3796,0.0,0.023489935,1
1157.3555,0.006428779,0.0030565883,1
1158.3313,0.0008365341,-0.023489935,1
1159.3071,0.0,0.0065327305,1
1160.283,0.0026244267,0.0,1
1161.2588,0.0,-0.009589919,1
1162.2347,0.0,0.0,1
1163.2106,0.0,0.0,1
1164.1864,0.0,0.0,1
1165.1622,0.0,0.0,1
1166.1381,0.0,0.009698716,1
1167.1139,0.002654367,0.0,1
1168.0897,0.0,0.029821886,1
1169.0657,0.010818285,0.00012492835,1
1170.0415,3.6894628e-05,-0.039528627,1
1171.0173,0.0,0.030836422,1
1171.9932,0.008476278,0.01852445,1
1172.969,0.0050698137,0.0012672662,1
1173.9448,0.008823106,-0.01852445,1
1174.9207,0.0,-0.032240517,1
1175.8966,0.0,0.0,1
1176.8724,0.0,0.0,1
1177.8483,0.0,0.0,1
1178.8241,0.0,0.013219456,1
1179.7999,0.003617931,0.0,1
1180.7758,0.0,-0.013219456,1
1181.7516,0.0,0.0,1
1182.7275,0.0,0.04347703,1
1183.7034,0.011898149,0.0,1
1184.6792,0.0,-0.04347431,1
1185.655,0.0,0.05850757,1
1186.6309,0.016012484,0.0,1
1187.6067,0.0,-0.058511227,1
1188.5826,0.0,0.0,1
1189.5585,0.0,0.014613036,1
1190.5343,0.003999329,0.028520534,1
1191.5101,0.0078055644,-0.010682536,1
1192.486,0.0010757082,-0.01689682,1
1193.4618,0.0031812044,-0.0039305,1
1194.4376,0.0,0.05963895,1
1195.4136,0.019507188,0.011814894,1
1196.3894,0.0032382044,-0.07127677,1
1197.3652,0.0,-0.003871909,1
1198.3411,0.0021785314,0.044257224,1
1199.3169,0.012112418,0.050398808,1
1200.2927,0.015971793,-0.044257224,1
1201.2686,0.0,-0.058362532,1
1202.2445,0.0,0.0,1
1203.2203,0.0,0.049240336,1
1204.1962,0.013476208,0.010181047,1
1205.172,0.0027863723,-0.049240336,1
1206.1478,0.0,-0.010181047,1
1207.1237,0.0,0.03251888,1
1208.0995,0.008899841,0.051876366,1
1209.0754,0.01419808,-0.012799986,1
1210.0513,0.005398256,-0.051877964,1
1211.0271,0.0,0.028648933,1
1212.0029,0.013238962,0.06162781,1
1212.9788,0.01686644,-0.012214597,1
1213.9546,0.009896043,-0.010504804,1
1214.9304,0.013991461,0.04433269,1
1215.9064,0.022030368,-0.05113355,1
1216.8822,0.0,-0.08049615,1
1217.858,0.0,0.015187762,1
1218.8339,0.0041566216,0.0,1
1219.8097,0.0,-0.00040085646,1
1220.7855,0.004046914,0.0,1
1221.7614,0.0,0.0004818297,1
1222.7373,0.00417982,0.09224546,1
1223.7131,0.025245413,-0.015272526,1
1224.689,0.0,-0.09224351,1
1225.6648,0.0,0.0,1
1226.6406,0.0,0.0,1
1227.6165,0.0,0.0,1
1228.5923,0.0,0.0,1
1229.5682,0.0,0.017653028,1
1230.5441,0.0048310184,0.0,1
1231.5199,0.0,-0.00927607,1
1232.4957,0.0022923227,0.0,1
1233.4716,0.0,-0.008375853,1
1234.4474,0.0,0.0,1
1235.4232,0.0,0.02258196,1
1236.3992,0.006181442,0.025683967,1
1237.375,0.0070303534,-0.022586199,1
1238.3508,0.0,-0.0081370855,1
1239.3267,0.0048033777,0.03477908,1
1240.3025,0.009518418,-0.01442456,1
1241.2783,0.00085563114,-0.03477908,1
1242.2542,0.0,-0.003126562,1
1243.2301,0.0,0.0,1
1244.2059,0.0,0.0052399486,1
1245.1818,0.0014340811,0.0,1
1246.1576,0.0,-0.0052399486,1
1247.1334,0.0,0.020658102,1
1248.1093,0.0056537567,0.0,1
1249.0851,0.0,-0.003266388,1
1250.061,0.0047610514,-4.3517875e-06,1
1251.0369,0.0,-0.017396271,1
1252.0127,0.0,0.0,1
1252.9885,0.0,0.006322127,1
1253.9644,0.0017302542,0.0074124904,1
1254.9402,0.0020286674,0.00076430535,1
1255.9161,0.0019393957,-0.0074128723,1
1256.892,0.0,0.01661471,1
1257.8678,0.0064865476,0.0,1
1258.8436,0.0,-0.023701012,1
1259.8195,0.0,0.072935894,1
1260.7953,0.019961262,0.02270993,1
1261.7711,0.0062153055,-0.07161151,1
1262.7471,0.000362224,-0.022706,1
1263.7229,0.0,-0.0013235201,1
1264.6987,0.0,0.028186137,1
1265.6746,0.007714046,0.03194726,1
1266.6504,0.008743399,0.0011287372,1
1267.6262,0.008022962,-0.03194726,1
1268.602,0.0,0.0072682416,1
1269.578,0.010014532,0.025444135,1
1270.5538,0.006965678,-0.014191828,1
1271.5297,0.00613048,-0.0020088116,1
1272.5055,0.0064159017,-0.022399988,1
1273.4813,0.0,-0.023442883,1
1274.4572,0.0,0.04544152,1
1275.433,0.012436539,0.0045866896,1
1276.4089,0.0012524197,-0.04543414,1
1277.3848,0.0,-0.004576181,1
1278.3606,0.0,0.058466658,1
1279.3364,0.016001288,0.0,1
1280.3123,0.0,-0.04266059,1
1281.2881,0.0043258406,0.07251665,1
1282.2639,0.019846523,0.02289441,1
1283.2399,0.010588928,-0.07073636,1
1284.2157,0.00048612838,-0.025268646,1
1285.1915,0.003673347,-0.0017762508,1
1286.1674,0.0,-0.011269611,1
1287.1432,0.00058905385,0.0,1
1288.119,0.0,0.021164337,1
1289.0948,0.006381358,5.8328114e-06,1
1290.0708,0.0,0.001792464,1
1291.0466,0.0068702963,0.0,1
1292.0225,0.0,-0.0118799815,1
1292.9983,0.0036189556,0.0,1
1293.9741,0.0,-0.0132232,1
1294.95,0.0,0.0094878925,1
1295.9258,0.0025966682,2.3734565e-06,1
1296.9017,0.0,0.0,0
1297.8776,0.0,0.0,0
1298.8534,0.0,0.0,0
1299.8292,0.0,0.0,0
1300.805,0.0,0.0,0
1301.7809,0.0,0.0,0
1302.7567,0.0,0.0,0
1303.7327,0.0,0.0,0
1304.7085,0.0,0.0,0
1305.6843,0.0,0.0,0
1306.6602,0.0,0.0,0
1307.636,0.0,0.0,0
1308.6118,0.0,0.0,0
1309.5876,0.0,0.0,0
1310.5636,0.0,0.0,0
1311.5394,0.0,0.0,0
1312.5153,0.0,0.0,0
1313.4911,0.0,0.0,0
1314.4669,0.0,0.0,0
1315.4427,0.0,0.0,0
1316.4186,0.0,0.0,0
1317.3945,0.0,0.0,0
1318.3704,0.0,0.0,0
1319.3462,0.0,0.0,0
1320.322,0.0,0.0,0
1321.2979,0.0,0.0,0
1322.2737,0.0,0.0,0
1323.2496,0.0,0.0,0
1324.2255,0.0,0.0,0
1325.2013,0.0,0.0,0
1326.1771,0.0,0.0,0
1327.153,0.0,0.0,0
1328.1288,0.0,0.0,0
1329.1046,0.0,0.0,0
1330.0806,0.0,0.0,0
1331.0564,0.0,0.0,0
1332.0322,0.0,0.0,0
1333.008,0.0,0.0,0
1333.9839,0.0,0.0,0
1334.9597,0.0,0.0,0
1335.9355,0.0,0.0,0
1336.9115,0.0,0.0,0
1337.8873,0.0,0.0,0
1338.8632,0.0,0.0,0
1339.839,0.0,0.0,0
1340.8148,0.0,0.0,0
1341.7906,0.0,0.0,0
1342.7665,0.0,0.0,0
1343.7424,0.0,0.0,0
1344.7183,0.0,0.0,0
1345.6941,0.0,0.0,0
1346.6699,0.0,0.0,0
1347.6458,0.0,0.0,0
1348.6216,0.0,0.0,0
1349.5974,0.0,0.0,0
1350.5734,0.0,0.0,0
1351.5492,0.0,0.0,0
1352.525,0.0,0.0,0
1353.5009,0.0,0.0,0
1354.4767,0.0,0.0,0
1355.4525,0.0,0.0,0
1356.4283,0.0,0.0,0
1357.4043,0.0,0.0,0
1358.3801,0.0,0.0,0
1359.356,0.0,0.0,0
1360.3318,0.0,0.0,0
1361.3076,0.0,0.0,0
1362.2834,0.0,0.0,0
1363.2593,0.0,0.0,0
1364.2352,0.0,0.0,0
1365.211,0.0,0.0,0
1366.1869,0.0,0.0,0
1367.1627,0.0,0.0,0
1368.1385,0.0,0.0,0
1369.1144,0.0,0.0,0
1370.0902,0.0,0.0,0
1371.0662,0.0,0.0,0
1372.042,0.0,0.0,0
1373.0178,0.0,0.0,0
1373.9937,0.0,0.0,0
1374.9695,0.0,0.0,0
1375.9453,0.0,0.0,0
1376.9211,0.0,0.0,0
1377.8971,0.0,0.0,0
1378.8729,0.0,0.0,0
1379.8488,0.0,0.0,0
1380.8246,0.0,0.0,0
1381.8004,0.0,0.0,0
1382.7762,0.0,0.0,0
1383.7521,0.0,0.0,0
1384.728,0.0,0.0,0
1385.7039,0.0,0.0,0
1386.6797,0.0,0.0,0
1387.6555,0.0,0.0,0
1388.6313,0.0,0.0,0
1389.6072,0.0,0.0,0
1390.5831,0.0,0.0,0
1391.559,0.0,0.0,0
1392.5348,0.0,0.0,0
1393.5106,0.0,0.0,0
1394.4865,0.0,0.0,0
1395.4623,0.0,0.0,0
1396.4381,0.0,0.0,0
1397.4141,0.0,0.0,0
1398.3899,0.0,0.0,0
1399.3657,0.0,0.0,0
1400.3416,0.0,0.0,0
1401.3174,0.0,0.0,0
1402.2932,0.0,0.0,0
1403.269,0.0,0.0,0
1404.245,0.0,0.0,0
1405.2208,0.0,0.0,0
1406.1967,0.0,0.0,0
1407.1725,0.0,0.0,0
1408.1483,0.0,0.0,0
1409.1241,0.0,0.0,0
1410.1,0.0,0.0,0
1411.0759,0.0,0.0,0
1412.0518,0.0,0.0,0
1413.0276,0.0,0.0,0
1414.0034,0.0,0.0,0
1414.9792,0.0,0.0,0
1415.9551,0.0,0.0,0
1416.9309,0.0,0.0,0
1417.9069,0.0,0.0,0
1418.8827,0.0,0.0,0
1419.8585,0.0,0.0,0
1420.8344,0.0,0.0,0
1421.8102,0.0,0.0,0
1422.786,0.0,0.0,0
1423.7618,0.0,0.0,0
1424.7378,0.0,0.0,0
1425.7136,0.0,0.0,0
1426.6895,0.0,0.0,0
1427.6653,0.0,0.0,0
1428.6411,0.0,0.0,0
1429.617,0.0,0.0,0
1430.5928,0.0,0.0,0
1431.5687,0.0,0.0,0
1432.5446,0.0,0.0,0
1433.5204,0.0,0.0,0
1434.4962,0.0,0.0,0
1435.472,0.0,0.0,0
1436.4479,0.0,0.0,0
1437.4237,0.0,0.0,0
1438.3997,0.0,0.0,0
1439.3755,0.0,0.0,0
1440.3513,0.0,0.0,0
1441.3271,0.0,0.0,0
1442.303,0.0,0.0,0
1443.2788,0.0,0.0,0
1444.2546,0.0,0.0,0
1445.2306,0.0,0.0,0
1446.2064,0.0,0.0,0
1447.1823,0.0,0.0,0
1448.1581,0.0,0.0,0
1449.1339,0.0,0.0,0
1450.1097,0.0,0.0,0
1451.0856,0.0,0.0,0
1452.0615,0.0,0.0,0
1453.0374,0.0,0.0,0
1454.0132,0.0,0.0,0
1454.989,0.0,0.0,0
1455.9648,0.0,0.0,0
1456.9407,0.0,0.0,0
1457.9166,0.0,0.0,0
1458.8925,0.0,0.0,0
1459.8683,0.0,0.0,0
1460.8441,0.0,0.0,0
1461.82,0.0,0.0,0
1462.7958,0.0,0.0,0
1463.7716,0.0,0.0,0
1464.7476,0.0,0.0,0
1465.7234,0.0,0.0,0
1466.6992,0.0,0.0,0
1467.675,0.0,0.0,0
1468.6509,0.0,0.0,0
1469.6267,0.0,0.0,0
1470.6025,0.0,0.0,0
1471.5785,0.0,0.0,0
1472.5543,0.0,0.0,0
1473.5302,0.0,0.0,0
1474.506,0.0,0.0,0
1475.4818,0.0,0.0,0
1476.4576,0.0,0.0,0
1477.4335,0.0,0.0,0
1478.4094,0.0,0.0,0
1479.3853,0.0,0.0,0
1480.3611,0.0,0.0,0
1481.3369,0.0,0.0,0
1482.3127,0.0,0.0,0
1483.2886,0.0,0.0,0
1484.2644,0.0,0.0,0
1485.2404,0.0,0.0,0
1486.2162,0.0,0.0,0
1487.192,0.0,0.0,0
1488.1678,0.0,0.0,0
1489.1437,0.0,0.0,0
1490.1195,0.0,0.0,0
1491.0953,0.0,0.0,0
1492.0713,0.0,0.0,0
1493.0471,0.0,0.0,0
1494.023,0.0,0.0,0
1494.9988,0.0,0.0,0
1495.9746,0.0,0.0,0
1496.9504,0.0,0.0,0
1497.9263,0.0,0.0,0
1498.9022,0.0,0.0,0
1499.878,0.0,0.0,0
1500.8539,0.0,0.0,0
1501.8297,0.0,0.0,0
1502.8055,0.0,0.0,0
1503.7814,0.0,0.0,0
1504.7572,0.0,0.0,0
1505.7332,0.0,0.0,0
1506.709,0.0,0.0,0
1507.6848,0.0,0.0,0
1508.6606,0.0,0.0,0
1509.6365,0.0,0.0,0
1510.6123,0.0,0.0,0
1511.5881,0.0,0.0,0
1512.5641,0.0,0.0,0
1513.5399,0.0,0.0,0
1514.5157,0.0,0.0,0
1515.4916,0.0,0.0,0
1516.4674,0.0,0.0,0
1517.4432,0.0,0.0,0
1518.4191,0.0,0.0,0
1519.395,0.0,0.0,0
1520.3708,0.0,0.0,0
1521.3467,0.0,0.0,0
1522.3225,0.0,0.0,0
1523.2983,0.0,0.0,0
1524.2742,0.0,0.0,0
1525.25,0.0,0.0,0
1526.226,0.0,0.0,0
1527.2018,0.0,0.0,0
1528.1776,0.0,0.0,0
1529.1534,0.0,0.0,0
1530.1293,0.0,0.0,0
1531.1051,0.0,0.0,0
1532.081,0.0,0.0,0
1533.0569,0.0,0.0,0
1534.0327,0.0,0.0,0
1535.0085,0.0,0.0,0
1535.9844,0.0,0.0,0
1536.9602,0.0,0.0,0
1537.936,0.0,0.0,0
1538.912,0.0,0.0,0
1539.8878,0.0,0.0,0
1540.8636,0.0,0.0,0
1541.8395,0.0,0.0,0
1542.8153,0.0,0.0,0
1543.7911,0.0,0.0,0
1544.767,0.0,0.0,0
1545.7429,0.0,0.0,0
1546.7188,0.0,0.0,0
1547.6946,0.0,0.0,0
1548.6704,0.0,0.0,0
1549.6462,0.0,0.0,0
1550.6221,0.0,0.0,0
1551.5979,0.0,0.0,0
1552.5739,0.0,0.0,0
1553.5497,0.0,0.0,0
1554.5255,0.0,0.0,0
1555.5013,0.0,0.0,0
1556.4772,0.0,0.0,0
1557.453,0.0,0.0,0
1558.4288,0.0,0.0,0
1559.4048,0.0,0.0,0
1560.3806,0.0,0.0,0
1561.3564,0.0,0.0,0
1562.3323,0.0,0.0,0
1563.3081,0.0,0.0,0
1564.2839,0.0,0.0,0
1565.2598,0.0,0.0,0
1566.2357,0.0,0.0,0
1567.2115,0.0,0.0,0
1568.1874,0.0,0.0,0
1569.1632,0.0,0.0,0
1570.139,0.0,0.0,0
1571.1149,0.0,0.0,0
1572.0907,0.0,0.0,0
1573.0667,0.0,0.0,0
1574.0425,0.0,0.0,0
1575.0183,0.0,0.0,0
1575.9941,0.0,0.0,0
1576.97,0.0,0.0,0
1577.9458,0.0,0.0,0
1578.9216,0.0,0.0,0
1579.8976,0.0,0.0,0
1580.8734,0.0,0.0,0
1581.8492,0.0,0.0,0
1582.8251,0.0,0.0,0
1583.8009,0.0,0.0,0
1584.7767,0.0,0.0,0
1585.7526,0.0,0.0,0
1586.7285,0.0,0.0,0
1587.7043,0.0,0.0,0
1588.6802,0.0,0.0,0
1589.656,0.0,0.0,0
1590.6318,0.0,0.0,0
1591.6077,0.0,0.0,0
1592.5835,0.0,0.0,0
1593.5594,0.0,0.0,0
1594.5353,0.0,0.0,0
1595.5111,0.0,0.0,0
1596.4869,0.0,0.0,0
1597.4628,0.0,0.0,0
1598.4386,0.0,0.0,0
1599.4146,0.0,0.0,0
1600.3904,0.0,0.0,0
1601.3662,0.0,0.0,0
1602.342,0.0,0.0,0
1603.3179,0.0,0.0,0
1604.2937,0.0,0.0,0
1605.2695,0.0,0.0,0
1606.2455,0.0,0.0,0
1607.2213,0.0,0.0,0
1608.1971,0.0,0.0,0
1609.173,0.0,0.0,0
1610.1488,0.0,0.0,0
1611.1246,0.0,0.0,0
1612.1005,0.0,0.0,0
1613.0764,0.0,0.0,0
1614.0522,0.0,0.0,0
1615.0281,0.0,0.0,0
1616.0039,0.0,0.0,0
1616.9797,0.0,0.0,0
1617.9556,0.0,0.0,0
1618.9314,0.0,0.0,0
1619.9073,0.0,0.0,0
1620.8832,0.0,0.0,0
1621.859,0.0,0.0,0
1622.8348,0.0,0.0,0
1623.8107,0.0,0.0,0
1624.7865,0.0,0.0,0
1625.7623,0.0,0.0,0
1626.7383,0.0,0.0,0
1627.7141,0.0,0.0,0
1628.69,0.0,0.0,0
1629.6658,0.0,0.0,0
1630.6416,0.0,0.0,0
1631.6174,0.0,0.0,0
1632.5933,0.0,0.0,0
1633.5692,0.0,0.0,0
1634.545,0.0,0.0,0
1635.5209,0.0,0.0,0
1636.4967,0.0,0.0,0
1637.4725,0.0,0.0,0
1638.4484,0.0,0.0,0
1639.4242,0.0,0.0,0
1640.4001,0.0,0.0,0
1641.376,0.0,0.0,0
1642.3518,0.0,0.0,0
1643.3276,0.0,0.0,0
1644.3035,0.0,0.0,0
1645.2793,0.0,0.0,0
1646.2551,0.0,0.0,0
1647.2311,0.0,0.0,0
1648.2069,0.0,0.0,0
1649.1827,0.0,0.0,0
1650.1586,0.0,0.0,0
1651.1344,0.0,0.0,0
1652.1102,0.0,0.0,0
1653.086,0.0,0.0,0
1654.062,0.0,0.0,0
1655.0378,0.0,0.0,0
1656.0137,0.0,0.0,0
1656.9895,0.0,0.0,0
1657.9653,0.0,0.0,0
1658.9412,0.0,0.0,0
1659.917,0.0,0.0,0
1660.893,0.0,0.0,0
1661.8688,0.0,0.0,0
1662.8446,0.0,0.0,0
1663.8204,0.0,0.0,0
1664.7963,0.0,0.0,0
1665.7721,0.0,0.0,0
1666.748,0.0,0.0,0
1667.7239,0.0,0.0,0
1668.6997,0.0,0.0,0
1669.6755,0.0,0.0,0
1670.6514,0.0,0.0,0
1671.6272,0.0,0.0,0
1672.603,0.0,0.0,0
1673.579,0.0,0.0,0
1674.5548,0.0,0.0,0
1675.5306,0.0,0.0,0
1676.5065,0.0,0.0,0
1677.4823,0.0,0.0,0
1678.4581,0.0,0.0,0
1679.434,0.0,0.0,0
1680.4099,0.0,0.0,0
1681.3857,0.0,0.0,0
1682.3616,0.0,0.0,0
1683.3374,0.0,0.0,0
1684.3132,0.0,0.0,0
1685.2891,0.0,0.0,0
1686.2649,0.0,0.0,0
1687.2408,0.0,0.0,0
1688.2167,0.0,0.0,0
1689.1925,0.0,0.0,0
1690.1683,0.0,0.0,0
1691.1442,0.0,0.0,0
1692.12,0.0,0.0,0
1693.0958,0.0,0.0,0
1694.0718,0.0,0.0,0
1695.0476,0.0,0.0,0
1696.0234,0.0,0.0,0
1696.9993,0.0,0.0,0
1697.9751,0.0,0.0,0
1698.9509,0.0,0.0,0
1699.9268,0.0,0.0,0
1700.9027,0.0,0.0,0
1701.8785,0.0,0.0,0
1702.8544,0.0,0.0,0
1703.8302,0.0,0.0,0
1704.806,0.0,0.0,0
1705.7819,0.0,0.0,0
1706.7577,0.0,0.0,0
1707.7336,0.0,0.0,0
1708.7095,0.0,0.0,0
1709.6853,0.0,0.0,0
1710.6611,0.0,0.0,0
1711.637,0.0,0.0,0
1712.6128,0.0,0.0,0
1713.5886,0.0,0.0,0
1714.5646,0.0,0.0,0
1715.5404,0.0,0.0,0
1716.5162,0.0,0.0,0
1717.4921,0.0,0.0,0
1718.4679,0.0,0.0,0
1719.4437,0.0,0.0,0
1720.4196,0.0,0.0,0
1721.3955,0.0,0.0,0
1722.3713,0.0,0.0,0
1723.3472,0.0,0.0,0
1724.323,0.0,0.0,0
1725.2988,0.0,0.0,0
1726.2747,0.0,0.0,0
1727.2505,0.0,0.0,0
1728.2264,0.0,0.0,0
1729.2023,0.0,0.0,0
1730.1781,0.0,0.0,0
1731.1539,0.0,0.0,0
1732.1298,0.0,0.0,0
1733.1056,0.0,0.0,0
1734.0815,0.0,0.0,0
1735.0574,0.0,0.0,0
1736.0332,0.0,0.0,0
1737.009,0.0,0.0,0
1737.9849,0.0,0.0,0
1738.9607,0.0,0.0,0
1739.9365,0.0,0.0,0
1740.9125,0.0,0.0,0
1741.8883,0.0,0.0,0
1742.8641,0.0,0.0,0
1743.84,0.0,0.0,0
1744.8158,0.0,0.0,0
1745.7916,0.0,0.0,0
1746.7675,0.0,0.0,0
1747.7434,0.0,0.0,0
1748.7192,0.0,0.0,0
1749.6951,0.0,0.0,0
1750.6709,0.0,0.0,0
1751.6467,0.0,0.0,0
1752.6226,0.0,0.0,0
1753.5984,0.0,0.0,0
1754.5743,0.0,0.0,0
1755.5502,0.0,0.0,0
1756.526,0.0,0.0,0
1757.5018,0.0,0.0,0
1758.4777,0.0,0.0,0
1759.4535,0.0,0.0,0
1760.4293,0.0,0.0,0
1761.4053,0.0,0.0,0
1762.3811,0.0,0.0,0
1763.3569,0.0,0.0,0
1764.3328,0.0,0.0,0
1765.3086,0.0,0.0,0
1766.2844,0.0,0.0,0
1767.2603,0.0,0.0,0
1768.2362,0.0,0.0,0
1769.212,0.0,0.0,0
1770.1879,0.0,0.0,0
1771.1637,0.0,0.0,0
1772.1395,0.0,0.0,0
1773.1154,0.0,0.0,0
1774.0912,0.0,0.0,0
1775.0671,0.0,0.0,0
1776.043,0.0,0.0,0
1777.0188,0.0,0.0,0
1777.9946,0.0,0.0,0
1778.9705,0.0,0.0,0
1779.9463,0.0,0.0,0
1780.9221,0.0,0.0,0
1781.8981,0.0,0.0,0
1782.8739,0.0,0.0,0
1783.8497,0.0,0.0,0
1784.8256,0.0,0.0,0
1785.8014,0.0,0.0,0
1786.7772,0.0,0.0,0
1787.753,0.0,0.0,0
1788.729,0.0,0.0,0
1789.7048,0.0,0.0,0
1790.6807,0.0,0.0,0
1791.6565,0.0,0.0,0
1792.6323,0.0,0.0,0
1793.6082,0.0,0.0,0
1794.584,0.0,0.0,0
1795.5599,0.0,0.0,0
1796.5358,0.0,0.0,0
1797.5116,0.0,0.0,0
1798.4874,0.0,0.0,0
1799.4633,0.0,0.0,0
1800.4391,0.0,0.0,0
1801.415,0.0,0.0,0
1802.3909,0.0,0.0,0
1803.3667,0.0,0.0,0
1804.3425,0.0,0.0,0
1805.3184,0.0,0.0,0
1806.2942,0.0,0.0,0
1807.27,0.0,0.0,0
1808.246,0.0,0.0,0
1809.2218,0.0,0.0,0
1810.1976,0.0,0.0,0
1811.1735,0.0,0.0,0
1812.1493,0.0,0.0,0
1813.1251,0.0,0.0,0
1814.101,0.0,0.0,0
1815.0769,0.0,0.0,0
1816.0527,0.0,0.0,0
1817.0286,0.0,0.0,0
1818.0044,0.0,0.0,0
1818.9802,0.0,0.0,0
1819.956,0.0,0.0,0
1820.9319,0.0,0.0,0
1821.9078,0.0,0.0,0
1822.8837,0.0,0.0,0
1823.8595,0.0,0.0,0
1824.8353,0.0,0.0,0
1825.8112,0.0,0.0,0
1826.787,0.0,0.0,0
1827.7628,0.0,0.0,0
1828.7388,0.0,0.0,0
1829.7146,0.0,0.0,0
1830.6904,0.0,0.0,0
1831.6663,0.0,0.0,0
1832.6421,0.0,0.0,0
1833.6179,0.0,0.0,0
1834.5938,0.0,0.0,0
1835.5697,0.0,0.0,0
1836.5455,0.0,0.0,0
1837.5214,0.0,0.0,0
1838.4972,0.0,0.0,0
1839.473,0.0,0.0,0
1840.4489,0.0,0.0,0
1841.4247,0.0,0.0,0
1842.4006,0.0,0.0,0
1843.3765,0.0,0.0,0
1844.3523,0.0,0.0,0
1845.3281,0.0,0.0,0
1846.304,0.0,0.0,0
1847.2798,0.0,0.0,0
1848.2556,0.0,0.0,0
1849.2316,0.0,0.0,0
1850.2074,0.0,0.0,0
1851.1832,0.0,0.0,0
1852.159,0.0,0.0,0
1853.1349,0.0,0.0,0
1854.1107,0.0,0.0,0
1855.0865,0.0,0.0,0
1856.0625,0.0,0.0,0
1857.0383,0.0,0.0,0
1858.0142,0.0,0.0,0
1858.99,0.0,0.0,0
1859.9658,0.0,0.0,0
1860.9417,0.0,0.0,0
1861.9175,0.0,0.0,0
1862.8934,0.0,0.0,0
1863.8693,0.0,0.0,0
1864.8451,0.0,0.0,0
1865.8209,0.0,0.0,0
1866.7968,0.0,0.0,0
1867.7726,0.0,0.0,0
1868.7485,0.0,0.0,0
1869.7244,0.0,0.0,0
1870.7002,0.0,0.0,0
1871.676,0.0,0.0,0
1872.6519,0.0,0.0,0
1873.6277,0.0,0.0,0
1874.6035,0.0,0.0,0
1875.5795,0.0,0.0,0
1876.5553,0.0,0.0,0
1877.5311,0.0,0.0,0
1878.507,0.0,0.0,0
1879.4828,0.0,0.0,0
1880.4586,0.0,0.0,0
1881.4344,0.0,0.0,0
1882.4104,0.0,0.0,0
1883.3862,0.0,0.0,0
1884.362,0.0,0.0,0
1885.3379,0.0,0.0,0
1886.3137,0.0,0.0,0
1887.2896,0.0,0.0,0
1888.2654,0.0,0.0,0
1889.2413,0.0,0.0,0
1890.2172,0.0,0.0,0
1891.193,0.0,0.0,0
1892.1688,0.0,0.0,0
1893.1447,0.0,0.0,0
1894.1205,0.0,0.0,0
1895.0963,0.0,0.0,0
1896.0723,0.0,0.0,0
1897.0481,0.0,0.0,0
1898.0239,0.0,0.0,0
1898.9998,0.0,0.0,0
1899.9756,0.0,0.0,0
1900.9514,0.0,0.0,0
1901.9272,0.0,0.0,0
1902.9032,0.0,0.0,0
1903.879,0.0,0.0,0
1904.8549,0.0,0.0,0
1905.8307,0.0,0.0,0
1906.8065,0.0,0.0,0
1907.7823,0.0,0.0,0
1908.7582,0.0,0.0,0
1909.7341,0.0,0.0,0
1910.71,0.0,0.0,0
1911.6858,0.0,0.0,0
1912.6616,0.0,0.0,0
1913.6375,0.0,0.0,0
1914.6133,0.0,0.0,0
1915.5891,0.0,0.0,0
1916.5651,0.0,0.0,0
1917.5409,0.0,0.0,0
1918.5167,0.0,0.0,0
1919.4926,0.0,0.0,0
1920.4684,0.0,0.0,0
1921.4442,0.0,0.0,0
1922.42,0.0,0.0,0
1923.396,0.0,0.0,0
1924.3718,0.0,0.0,0
1925.3477,0.0,0.0,0
1926.3235,0.0,0.0,0
1927.2993,0.0,0.0,0
1928.2751,0.0,0.0,0
1929.251,0.0,0.0,0
1930.2269,0.0,0.0,0
1931.2028,0.0,0.0,0
1932.1786,0.0,0.0,0
1933.1544,0.0,0.0,0
1934.1302,0.0,0.0,0
1935.1061,0.0,0.0,0
1936.082,0.0,0.0,0
1937.0579,0.0,0.0,0
1938.0337,0.0,0.0,0
1939.0095,0.0,0.0,0
1939.9854,0.0,0.0,0
1940.9612,0.0,0.0,0
1941.937,0.0,0.0,0
1942.913,0.0,0.0,0
1943.8888,0.0,0.0,0
1944.8646,0.0,0.0,0
1945.8405,0.0,0.0,0
1946.8163,0.0,0.0,0
1947.7921,0.0,0.0,0
1948.768,0.0,0.0,0
1949.7439,0.0,0.0,0
1950.7197,0.0,0.0,0
1951.6956,0.0,0.0,0
1952.6714,0.0,0.0,0
1953.6472,0.0,0.0,0
1954.623,0.0,0.0,0
1955.5989,0.0,0.0,0
1956.5748,0.0,0.0,0
1957.5507,0.0,0.0,0
1958.5265,0.0,0.0,0
1959.5023,0.0,0.0,0
1960.4781,0.0,0.0,0
1961.454,0.0,0.0,0
1962.4298,0.0,0.0,0
1963.4058,0.0,0.0,0
1964.3816,0.0,0.0,0
1965.3574,0.0,0.0,0
1966.3333,0.0,0.0,0
1967.3091,0.0,0.0,0
1968.2849,0.0,0.0,0
1969.2607,0.0,0.0,0
1970.2367,0.0,0.0,0
1971.2125,0.0,0.0,0
1972.1884,0.0,0.0,0
1973.1642,0.0,0.0,0
1974.14,0.0,0.0,0
1975.1158,0.0,0.0,0
1976.0917,0.0,0.0,0
1977.0676,0.0,0.0,0
1978.0435,0.0,0.0,0
1979.0193,0.0,0.0,0
1979.9951,0.0,0.0,0
1980.971,0.0,0.0,0
1981.9468,0.0,0.0,0
1982.9226,0.0,0.0,0
1983.8986,0.0,0.0,0
1984.8744,0.0,0.0,0
1985.8502,0.0,0.0,0
1986.826,0.0,0.0,0
1987.8019,0.0,0.0,0
1988.7777,0.0,0.0,0
1989.7535,0.0,0.0,0
1990.7295,0.0,0.0,0
1991.7053,0.0,0.0,0
1992.6812,0.0,0.0,0
1993.657,0.0,0.0,0
1994.6328,0.0,0.0,0
1995.6086,0.0,0.0,0
1996.5845,0.0,0.0,0
1997.5604,0.0,0.0,0
1998.5363,0.0,0.0,0
1999.5121,0.0,0.0,0
2000.4879,0.0,0.0,0
2001.4637,0.0,0.0,0
2002.4396,0.0,0.0,0
2003.4155,0.0,0.0,0
2004.3914,0.0,0.0,0
2005.3672,0.0,0.0,0
2006.343,0.0,0.0,0
2007.3188,0.0,0.0,0
2008.2947,0.0,0.0,0
2009.2705,0.0,0.0,0
2010.2465,0.0,0.0,0
2011.2223,0.0,0.0,0
2012.1981,0.0,0.0,0
2013.174,0.0,0.0,0
2014.1498,0.0,0.0,0
2015.1256,0.0,0.0,0
2016.1014,0.0,0.0,0
2017.0774,0.0,0.0,0
2018.0532,0.0,0.0,0
2019.029,0.0,0.0,0
2020.0049,0.0,0.0,0
2020.9807,0.0,0.0,0
2021.9565,0.0,0.0,0
2022.9324,0.0,0.0,0
2023.9083,0.0,0.0,0
2024.8842,0.0,0.0,0
2025.86,0.0,0.0,0
2026.8358,0.0,0.0,0
2027.8116,0.0,0.0,0
2028.7875,0.0,0.0,0
2029.7633,0.0,0.0,0
2030.7393,0.0,0.0,0
2031.7151,0.0,0.0,0
2032.6909,0.0,0.0,0
2033.6667,0.0,0.0,0
2034.6426,0.0,0.0,0
2035.6184,0.0,0.0,0
2036.5942,0.0,0.0,0
2037.5702,0.0,0.0,0
2038.546,0.0,0.0,0
2039.5219,0.0,0.0,0
2040.4977,0.0,0.0,0
2041.4735,0.0,0.0,0
2042.4493,0.0,0.0,0
2043.4252,0.0,0.0,0
2044.4011,0.0,0.0,0
2045.377,0.0,0.0,0
2046.3528,0.0,0.0,0
2047.3286,0.0,0.0,0
2048.3044,0.0,0.0,0
2049.2803,0.0,0.0,0
2050.256,0.0,0.0,0
2051.232,0.0,0.0,0
2052.2078,0.0,0.0,0
2053.1836,0.0,0.0,0
2054.1597,0.0,0.0,0
2055.1355,0.0,0.0,0
2056.1113,0.0,0.0,0
2057.0872,0.0,0.0,0
2058.063,0.0,0.0,0
2059.0388,0.0,0.0,0
2060.0146,0.0,0.0,0
2060.9905,0.0,0.0,0
2061.9663,0.0,0.0,0
2062.9421,0.0,0.0,0
2063.918,0.0,0.0,0
2064.8938,0.0,0.0,0
2065.8696,0.0,0.0,0
2066.8455,0.0,0.0,0
2067.8215,0.0,0.0,0
2068.7974,0.0,0.0,0
2069.7732,0.0,0.0,0
2070.749,0.0,0.0,0
2071.7249,0.0,0.0,0
2072.7007,0.0,0.0,0
2073.6765,0.0,0.0,0
2074.6523,0.0,0.0,0
2075.6282,0.0,0.0,0
2076.604,0.0,0.0,0
2077.5798,0.0,0.0,0
2078.5557,0.0,0.0,0
2079.5315,0.0,0.0,0
2080.5073,0.0,0.0,0
2081.4834,0.0,0.0,0
2082.4592,0.0,0.0,0
2083.435,0.0,0.0,0
2084.411,0.0,0.0,0
2085.3867,0.0,0.0,0
2086.3625,0.0,0.0,0
2087.3384,0.0,0.0,0
2088.3142,0.0,0.0,0
2089.29,0.0,0.0,0
2090.2659,0.0,0.0,0
2091.2417,0.0,0.0,0
2092.2175,0.0,0.0,0
2093.1934,0.0,0.0,0
2094.1692,0.0,0.0,0
2095.1453,0.0,0.0,0
2096.121,0.0,0.0,0
2097.097,0.0,0.0,0
2098.0728,0.0,0.0,0
2099.0486,0.0,0.0,0
2100.0244,0.0,0.0,0
2101.0002,0.0,0.0,0
2101.976,0.0,0.0,0
2102.952,0.0,0.0,0
2103.9277,0.0,0.0,0
2104.9036,0.0,0.0,0
2105.8794,0.0,0.0,0
2106.8552,0.0,0.0,0
2107.8313,0.0,0.0,0
2108.8071,0.0,0.0,0
2109.783,0.0,0.0,0
2110.7588,0.0,0.0,0
2111.7346,0.0,0.0,0
2112.7104,0.0,0.0,0
2113.6863,0.0,0.0,0
2114.662,0.0,0.0,0
2115.638,0.0,0.0,0
2116.6138,0.0,0.0,0
2117.5896,0.0,0.0,0
2118.5654,0.0,0.0,0
2119.5413,0.0,0.0,0
2120.517,0.0,0.0,0
2121.4932,0.0,0.0,0
2122.469,0.0,0.0,0
2123.4448,0.0,0.0,0
2124.4207,0.0,0.0,0
2125.3965,0.0,0.0,0
2126.3723,0.0,0.0,0
2127.3481,0.0,0.0,0
2128.324,0.0,0.0,0
2129.2998,0.0,0.0,0
2130.2756,0.0,0.0,0
2131.2515,0.0,0.0,0
2132.2273,0.0,0.0,0
2133.2031,0.0,0.0,0
2134.179,0.0,0.0,0
2135.155,0.0,0.0,0
2136.1309,0.0,0.0,0
2137.1067,0.0,0.0,0
2138.0825,0.0,0.0,0
2139.0583,0.0,0.0,0
2140.0342,0.0,0.0,0
2141.01,0.0,0.0,0
2141.9858,0.0,0.0,0
2142.9617,0.0,0.0,0
2143.9375,0.0,0.0,0
2144.9133,0.0,0.0,0
2145.8892,0.0,0.0,0
2146.865,0.0,0.0,0
2147.8408,0.0,0.0,0
2148.817,0.0,0.0,0
2149.7927,0.0,0.0,0
2150.7686,0.0,0.0,0
2151.7444,0.0,0.0,0
2152.7202,0.0,0.0,0
2153.696,0.0,0.0,0
2154.6719,0.0,0.0,0
2155.6477,0.0,0.0,0
2156.6235,0.0,0.0,0
2157.5994,0.0,0.0,0
2158.5752,0.0,0.0,0
2159.551,0.0,0.0,0
2160.5269,0.0,0.0,0
2161.5027,0.0,0.0,0
2162.4788,0.0,0.0,0
2163.4546,0.0,0.0,0
2164.4304,0.0,0.0,0
2165.4062,0.0,0.0,0
2166.382,0.0,0.0,0
2167.358,0.0,0.0,0
2168.3337,0.0,0.0,0
2169.3096,0.0,0.0,0
2170.2854,0.0,0.0,0
2171.2612,0.0,0.0,0
2172.237,0.0,0.0,0
2173.213,0.0,0.0,0
2174.1887,0.0,0.0,0
2175.1648,0.0,0.0,0
2176.1406,0.0,0.0,0
2177.1165,0.0,0.0,0
2178.0923,0.0,0.0,0
2179.068,0.0,0.0,0
2180.044,0.0,0.0,0
2181.0198,0.0,0.0,0
2181.9956,0.0,0.0,0
2182.9714,0.0,0.0,0
2183.9473,0.0,0.0,0
2184.923,0.0,0.0,0
2185.899,0.0,0.0,0
2186.8748,0.0,0.0,0
2187.8506,0.0,0.0,0
2188.8267,0.0,0.0,0
2189.8025,0.0,0.0,0
2190.7783,0.0,0.0,0
2191.7542,0.0,0.0,0
2192.73,0.0,0.0,0
2193.7058,0.0,0.0,0
2194.6816,0.0,0.0,0
2195.6575,0.0,0.0,0
2196.6333,0.0,0.0,0
2197.6091,0.0,0.0,0
2198.585,0.0,0.0,0
2199.5608,0.0,0.0,0
2200.5366,0.0,0.0,0
2201.5125,0.0,0.0,0
2202.4885,0.0,0.0,0
2203.4644,0.0,0.0,0
2204.4402,0.0,0.0,0
2205.416,0.0,0.0,0
2206.3918,0.0,0.0,0
2207.3677,0.0,0.0,0
2208.3435,0.0,0.0,0
2209.3193,0.0,0.0,0
2210.2952,0.0,0.0,0
2211.271,0.0,0.0,0
2212.2468,0.0,0.0,0
2213.2227,0.0,0.0,0
2214.1985,0.0,0.0,0
2215.1743,0.0,0.0,0
2216.1504,0.0,0.0,0
2217.1262,0.0,0.0,0
2218.102,0.0,0.0,0
2219.078,0.0,0.0,0
2220.0537,0.0,0.0,0
2221.0295,0.0,0.0,0
2222.0054,0.0,0.0,0
2222.9812,0.0,0.0,0
2223.957,0.0,0.0,0
2224.9329,0.0,0.0,0
2225.9087,0.0,0.0,0
2226.8845,0.0,0.0,0
2227.8604,0.0,0.0,0
2228.8362,0.0,0.0,0
2229.8123,0.0,0.0,0
2230.788,0.0,0.0,0
2231.764,0.0,0.0,0
2232.7397,0.0,0.0,0
2233.7156,0.0,0.0,0
2234.6914,0.0,0.0,0
2235.6672,0.0,0.0,0
2236.643,0.0,0.0,0
2237.619,0.0,0.0,0
2238.5947,0.0,0.0,0
2239.5706,0.0,0.0,0
2240.5464,0.0,0.0,0
2241.5222,0.0,0.0,0
2242.4983,0.0,0.0,0
2243.474,0.0,0.0,0
2244.45,0.0,0.0,0
2245.4258,0.0,0.0,0
2246.4016,0.0,0.0,0
2247.3774,0.0,0.0,0
2248.3533,0.0,0.0,0
2249.329,0.0,0.0,0
2250.305,0.0,0.0,0
2251.2808,0.0,0.0,0
2252.2566,0.0,0.0,0
2253.2324,0.0,0.0,0
2254.2083,0.0,0.0,0
2255.184,0.0,0.0,0
2256.1602,0.0,0.0,0
2257.136,0.0,0.0,0
2258.1118,0.0,0.0,0
2259.0876,0.0,0.0,0
2260.0635,0.0,0.0,0
2261.0393,0.0,0.0,0
2262.0151,0.0,0.0,0
2262.991,0.0,0.0,0
2263.9668,0.0,0.0,0
2264.9426,0.0,0.0,0
2265.9185,0.0,0.0,0
2266.8943,0.0,0.0,0
2267.87,0.0,0.0,0
2268.846,0.0,0.0,0
2269.822,0.0,0.0,0
2270.7979,0.0,0.0,0
2271.7737,0.0,0.0,0
2272.7495,0.0,0.0,0
2273.7253,0.0,0.0,0
2274.7012,0.0,0.0,0
2275.677,0.0,0.0,0
2276.6528,0.0,0.0,0
2277.6287,0.0,0.0,0
2278.6045,0.0,0.0,0
2279.5803,0.0,0.0,0
2280.5562,0.0,0.0,0
2281.532,0.0,0.0,0
2282.5078,0.0,0.0,0
2283.484,0.0,0.0,0
2284.4597,0.0,0.0,0
2285.4355,0.0,0.0,0
2286.4114,0.0,0.0,0
2287.3872,0.0,0.0,0
2288.363,0.0,0.0,0
2289.3389,0.0,0.0,0
2290.3147,0.0,0.0,0
2291.2905,0.0,0.0,0
2292.2664,0.0,0.0,0
2293.2422,0.0,0.0,0
2294.218,0.0,0.0,0
2295.1938,0.0,0.0,0
2296.1697,0.0,0.0,0
2297.1458,0.0,0.0,0
2298.1216,0.0,0.0,0
2299.0974,0.0,0.0,0
2300.0732,0.0,0.0,0
2301.049,0.0,0.0,0
2302.025,0.0,0.0,0
2303.0007,0.0,0.0,0
2303.9766,0.0,0.0,0
2304.9524,0.0,0.0,0
2305.9282,0.0,0.0,0
2306.904,0.0,0.0,0
2307.88,0.0,0.0,0
2308.8557,0.0,0.0,0
2309.8318,0.0,0.0,0
2310.8076,0.0,0.0,0
2311.7834,0.0,0.0,0
2312.7593,0.0,0.0,0
2313.735,0.0,0.0,0
2314.711,0.0,0.0,0
2315.6868,0.0,0.0,0
2316.6626,0.0,0.0,0
2317.6384,0.0,0.0,0
2318.6143,0.0,0.0,0
2319.59,0.0,0.0,0
2320.566,0.0,0.0,0
2321.5417,0.0,0.0,0
2322.5176,0.0,0.0,0
2323.4937,0.0,0.0,0
2324.4695,0.0,0.0,0
2325.4453,0.0,0.0,0
2326.4211,0.0,0.0,0
2327.397,0.0,0.0,0
2328.3728,0.0,0.0,0
2329.3486,0.0,0.0,0
2330.3245,0.0,0.0,0
2331.3003,0.0,0.0,0
2332.2761,0.0,0.0,0
2333.252,0.0,0.0,0
2334.2278,0.0,0.0,0
2335.2036,0.0,0.0,0
2336.1794,0.0,0.0,0
2337.1555,0.0,0.0,0
2338.1313,0.0,0.0,0
2339.1072,0.0,0.0,0
2340.083,0.0,0.0,0
2341.0588,0.0,0.0,0
2342.0347,0.0,0.0,0
2343.0105,0.0,0.0,0
2343.9863,0.0,0.0,0
2344.9622,0.0,0.0,0
2345.938,0.0,0.0,0
2346.9138,0.0,0.0,0
2347.8896,0.0,0.0,0
2348.8655,0.0,0.0,0
2349.8413,0.0,0.0,0
2350.8174,0.0,0.0,0
2351.7932,0.0,0.0,0
2352.769,0.0,0.0,0
2353.7449,0.0,0.0,0
2354.7207,0.0,0.0,0
2355.6965,0.0,0.0,0
2356.6724,0.0,0.0,0
2357.6482,0.0,0.0,0
2358.624,0.0,0.0,0
2359.5999,0.0,0.0,0
2360.5757,0.0,0.0,0
2361.5515,0.0,0.0,0
2362.5273,0.0,0.0,0
2363.5032,0.0,0.0,0
2364.4792,0.0,0.0,0
2365.455,0.0,0.0,0
2366.431,0.0,0.0,0
2367.4067,0.0,0.0,0
2368.3826,0.0,0.0,0
2369.3584,0.0,0.0,0
2370.3342,0.0,0.0,0
2371.31,0.0,0.0,0
2372.286,0.0,0.0,0
2373.2617,0.0,0.0,0
2374.2375,0.0,0.0,0
2375.2134,0.0,0.0,0
2376.1892,0.0,0.0,0
2377.1653,0.0,0.0,0
2378.141,0.0,0.0,0
2379.117,0.0,0.0,0
2380.0928,0.0,0.0,0
2381.0686,0.0,0.0,0
2382.0444,0.0,0.0,0
2383.0203,0.0,0.0,0
2383.996,0.0,0.0,0
2384.972,0.0,0.0,0
2385.9478,0.0,0.0,0
2386.9236,0.0,0.0,0
2387.8994,0.0,0.0,0
2388.8752,0.0,0.0,0
2389.851,0.0,0.0,0
2390.8271,0.0,0.0,0
2391.803,0.0,0.0,0
2392.7788,0.0,0.0,0
2393.7546,0.0,0.0,0
2394.7305,0.0,0.0,0
2395.7063,0.0,0.0,0
2396.6821,0.0,0.0,0
2397.658,0.0,0.0,0
2398.6338,0.0,0.0,0
2399.6096,0.0,0.0,0
2400.5854,0.0,0.0,0
2401.5613,0.0,0.0,0
2402.537,0.0,0.0,0
2403.513,0.0,0.0,0
2404.489,0.0,0.0,0
2405.4648,0.0,0.0,0
2406.4407,0.0,0.0,0
2407.4165,0.0,0.0,0
2408.3923,0.0,0.0,0
2409.3682,0.0,0.0,0
2410.344,0.0,0.0,0
2411.3198,0.0,0.0,0
2412.2957,0.0,0.0,0
2413.2715,0.0,0.0,0
2414.2473,0.0,0.0,0
2415.2231,0.0,0.0,0
2416.199,0.0,0.0,0
2417.1748,0.0,0.0,0
2418.151,0.0,0.0,0
2419.1267,0.0,0.0,0
2420.1025,0.0,0.0,0
2421.0784,0.0,0.0,0
2422.0542,0.0,0.0,0
2423.03,0.0,0.0,0
2424.0059,0.0,0.0,0
2424.9817,0.0,0.0,0
2425.9575,0.0,0.0,0
2426.9333,0.0,0.0,0
2427.9092,0.0,0.0,0
2428.885,0.0,0.0,0
2429.8608,0.0,0.0,0
2430.8367,0.0,0.0,0
2431.8127,0.0,0.0,0
2432.7886,0.0,0.0,0
2433.7644,0.0,0.0,0
2434.7402,0.0,0.0,0
2435.716,0.0,0.0,0
2436.692,0.0,0.0,0
2437.6677,0.0,0.0,0
2438.6436,0.0,0.0,0
2439.6194,0.0,0.0,0
2440.5952,0.0,0.0,0
2441.571,0.0,0.0,0
2442.5469,0.0,0.0,0
2443.5227,0.0,0.0,0
2444.4988,0.0,0.0,0
2445.4746,0.0,0.0,0
2446.4504,0.0,0.0,0
2447.4263,0.0,0.0,0
2448.402,0.0,0.0,0
2449.378,0.0,0.0,0
2450.3538,0.0,0.0,0
2451.3296,0.0,0.0,0
2452.3054,0.0,0.0,0
2453.2812,0.0,0.0,0
2454.257,0.0,0.0,0
2455.233,0.0,0.0,0
2456.2087,0.0,0.0,0
2457.1846,0.0,0.0,0
2458.1606,0.0,0.0,0
2459.1365,0.0,0.0,0
2460.1123,0.0,0.0,0
2461.0881,0.0,0.0,0
2462.064,0.0,0.0,0
2463.0398,0.0,0.0,0
2464.0156,0.0,0.0,0
2464.9915,0.0,0.0,0
2465.9673,0.0,0.0,0
2466.943,0.0,0.0,0
2467.919,0.0,0.0,0
2468.8948,0.0,0.0,0
2469.8706,0.0,0.0,0
2470.8464,0.0,0.0,0
2471.8225,0.0,0.0,0
2472.7983,0.0,0.0,0
2473.7742,0.0,0.0,0
2474.75,0.0,0.0,0
2475.7258,0.0,0.0,0
2476.7017,0.0,0.0,0
2477.6775,0.0,0.0,0
2478.6533,0.0,0.0,0
2479.6292,0.0,0.0,0
2480.605,0.0,0.0,0
2481.5808,0.0,0.0,0
2482.5566,0.0,0.0,0
2483.5325,0.0,0.0,0
2484.5083,0.0,0.0,0
2485.4844,0.0,0.0,0
2486.4602,0.0,0.0,0
2487.436,0.0,0.0,0
2488.4119,0.0,0.0,0
2489.3877,0.0,0.0,0
2490.3635,0.0,0.0,0
2491.3394,0.0,0.0,0
2492.3152,0.0,0.0,0
2493.291,0.0,0.0,0
2494.2668,0.0,0.0,0
2495.2427,0.0,0.0,0
2496.2185,0.0,0.0,0
2497.1943,0.0,0.0,0
2498.1702,0.0,0.0,0
2499.1462,0.0,0.0,0
2500.122,0.0,0.0,0
2501.098,0.0,0.0,0
2502.0737,0.0,0.0,0
2503.0496,0.0,0.0,0
2504.0254,0.0,0.0,0
2505.0012,0.0,0.0,0
2505.977,0.0,0.0,0
2506.953,0.0,0.0,0
2507.9287,0.0,0.0,0
2508.9045,0.0,0.0,0
2509.8804,0.0,0.0,0
2510.8562,0.0,0.0,0
2511.8323,0.0,0.0,0
2512.808,0.0,0.0,0
2513.784,0.0,0.0,0
2514.7598,0.0,0.0,0
2515.7356,0.0,0.0,0
2516.7114,0.0,0.0,0
2517.6873,0.0,0.0,0
2518.663,0.0,0.0,0
2519.639,0.0,0.0,0
2520.6147,0.0,0.0,0
2521.5906,0.0,0.0,0
2522.5664,0.0,0.0,0
2523.5422,0.0,0.0,0
2524.518,0.0,0.0,0
2525.4941,0.0,0.0,0
2526.47,0.0,0.0,0
2527.4458,0.0,0.0,0
2528.4216,0.0,0.0,0
2529.3975,0.0,0.0,0
2530.3733,0.0,0.0,0
2531.349,0.0,0.0,0
2532.325,0.0,0.0,0
2533.3008,0.0,0.0,0
2534.2766,0.0,0.0,0
2535.2524,0.0,0.0,0
2536.2283,0.0,0.0,0
2537.204,0.0,0.0,0
2538.18,0.0,0.0,0
2539.156,0.0,0.0,0
2540.1318,0.0,0.0,0
2541.1077,0.0,0.0,0
2542.0835,0.0,0.0,0
2543.0593,0.0,0.0,0
2544.0352,0.0,0.0,0
2545.011,0.0,0.0,0
2545.9868,0.0,0.0,0
2546.9626,0.0,0.0,0
2547.9385,0.0,0.0,0
2548.9143,0.0,0.0,0
2549.8901,0.0,0.0,0
2550.866,0.0,0.0,0
2551.8418,0.0,0.0,0
2552.8179,0.0,0.0,0
2553.7937,0.0,0.0,0
2554.7695,0.0,0.0,0
2555.7454,0.0,0.0,0
2556.7212,0.0,0.0,0
2557.697,0.0,0.0,0
2558.6729,0.0,0.0,0
2559.6487,0.0,0.0,0
2560.6245,0.0,0.0,0
2561.6003,0.0,0.0,0
2562.5762,0.0,0.0,0
2563.552,0.0,0.0,0
2564.5278,0.0,0.0,0
2565.5037,0.0,0.0,0
2566.4797,0.0,0.0,0
2567.4556,0.0,0.0,0
2568.4314,0.0,0.0,0
2569.4072,0.0,0.0,0
2570.383,0.0,0.0,0
2571.359,0.0,0.0,0
2572.3347,0.0,0.0,0
2573.3105,0.0,0.0,0
2574.2864,0.0,0.0,0
2575.2622,0.0,0.0,0
2576.238,0.0,0.0,0
2577.2139,0.0,0.0,0
2578.1897,0.0,0.0,0
2579.1658,0.0,0.0,0
2580.1416,0.0,0.0,0
2581.1174,0.0,0.0,0
2582.0933,0.0,0.0,0
2583.069,0.0,0.0,0
2584.045,0.0,0.0,0
2585.0208,0.0,0.0,0
2585.9966,0.0,0.0,0
2586.9724,0.0,0.0,0
2587.9482,0.0,0.0,0
2588.924,0.0,0.0,0
2589.9,0.0,0.0,0
2590.8757,0.0,0.0,0
2591.8516,0.0,0.0,0
2592.8276,0.0,0.0,0
2593.8035,0.0,0.0,0
2594.7793,0.0,0.0,0
2595.7551,0.0,0.0,0
2596.731,0.0,0.0,0
2597.7068,0.0,0.0,0
2598.6826,0.0,0.0,0
2599.6584,0.0,0.0,0
2600.6343,0.0,0.0,0
2601.61,0.0,0.0,0
2602.586,0.0,0.0,0
2603.5618,0.0,0.0,0
2604.5376,0.0,0.0,0
2605.5134,0.0,0.0,0
2606.4895,0.0,0.0,0
2607.4653,0.0,0.0,0
2608.4412,0.0,0.0,0
2609.417,0.0,0.0,0
2610.3928,0.0,0.0,0
2611.3687,0.0,0.0,0
2612.3445,0.0,0.0,0
2613.3203,0.0,0.0,0
2614.2961,0.0,0.0,0
2615.272,0.0,0.0,0
2616.2478,0.0,0.0,0
2617.2236,0.0,0.0,0
2618.1995,0.0,0.0,0
2619.1753,0.0,0.0,0
2620.1514,0.0,0.0,0
2621.1272,0.0,0.0,0
2622.103,0.0,0.0,0
2623.0789,0.0,0.0,0
2624.0547,0.0,0.0,0
2625.0305,0.0,0.0,0
2626.0063,0.0,0.0,0
2626.9822,0.0,0.0,0
2627.958,0.0,0.0,0
2628.9338,0.0,0.0,0
2629.9097,0.0,0.0,0
2630.8855,0.0,0.0,0
2631.8613,0.0,0.0,0
2632.8372,0.0,0.0,0
2633.8132,0.0,0.0,0
2634.789,0.0,0.0,0
2635.765,0.0,0.0,0
2636.7407,0.0,0.0,0
2637.7166,0.0,0.0,0
2638.6924,0.0,0.0,0
2639.6682,0.0,0.0,0
2640.644,0.0,0.0,0
2641.6199,0.0,0.0,0
2642.5957,0.0,0.0,0
2643.5715,0.0,0.0,0
2644.5474,0.0,0.0,0
2645.5232,0.0,0.0,0
2646.4993,0.0,0.0,0
2647.475,0.0,0.0,0
2648.451,0.0,0.0,0
2649.4268,0.0,0.0,0
2650.4026,0.0,0.0,0
2651.3784,0.0,0.0,0
2652.3542,0.0,0.0,0
2653.33,0.0,0.0,0
2654.306,0.0,0.0,0
2655.2817,0.0,0.0,0
2656.2576,0.0,0.0,0
2657.2334,0.0,0.0,0
2658.2092,0.0,0.0,0
2659.185,0.0,0.0,0
2660.1611,0.0,0.0,0
2661.137,0.0,0.0,0
2662.1128,0.0,0.0,0
2663.0886,0.0,0.0,0
2664.0645,0.0,0.0,0
2665.0403,0.0,0.0,0
2666.016,0.0,0.0,0
2666.992,0.0,0.0,0
2667.9678,0.0,0.0,0
2668.9436,0.0,0.0,0
2669.9194,0.0,0.0,0
2670.8953,0.0,0.0,0
2671.871,0.0,0.0,0
2672.847,0.0,0.0,0
2673.823,0.0,0.0,0
2674.7988,0.0,0.0,0
2675.7747,0.0,0.0,0
2676.7505,0.0,0.0,0
2677.7263,0.0,0.0,0
2678.7021,0.0,0.0,0
2679.678,0.0,0.0,0
2680.6538,0.0,0.0,0
2681.6296,0.0,0.0,0
2682.6055,0.0,0.0,0
2683.5813,0.0,0.0,0
2684.5571,0.0,0.0,0
2685.533,0.0,0.0,0
2686.5088,0.0,0.0,0
2687.4849,0.0,0.0,0
2688.4607,0.0,0.0,0
2689.4365,0.0,0.0,0
2690.4124,0.0,0.0,0
2691.3882,0.0,0.0,0
2692.364,0.0,0.0,0
2693.3398,0.0,0.0,0
2694.3157,0.0,0.0,0
2695.2915,0.0,0.0,0
2696.2673,0.0,0.0,0
2697.2432,0.0,0.0,0
2698.219,0.0,0.0,0
2699.1948,0.0,0.0,0
2700.1707,0.0,0.0,0
2701.1467,0.0,0.0,0
2702.1226,0.0,0.0,0
2703.0984,0.0,0.0,0
2704.0742,0.0,0.0,0
2705.05,0.0,0.0,0
2706.026,0.0,0.0,0
2707.0017,0.0,0.0,0
2707.9775,0.0,0.0,0
2708.9534,0.0,0.0,0
2709.9292,0.0,0.0,0
2710.905,0.0,0.0,0
2711.8809,0.0,0.0,0
2712.8567,0.0,0.0,0
2713.8328,0.0,0.0,0
2714.8086,0.0,0.0,0
2715.7844,0.0,0.0,0
2716.7603,0.0,0.0,0
2717.736,0.0,0.0,0
2718.712,0.0,0.0,0
2719.6877,0.0,0.0,0
2720.6636,0.0,0.0,0
2721.6394,0.0,0.0,0
2722.6152,0.0,0.0,0
2723.591,0.0,0.0,0
2724.567,0.0,0.0,0
2725.5427,0.0,0.0,0
2726.5186,0.0,0.0,0
2727.4946,0.0,0.0,0
2728.4705,0.0,0.0,0
2729.4463,0.0,0.0,0
2730.422,0.0,0.0,0
2731.398,0.0,0.0,0
2732.3738,0.0,0.0,0
2733.3496,0.0,0.0,0
2734.3254,0.0,0.0,0
2735.3013,0.0,0.0,0
2736.277,0.0,0.0,0
2737.253,0.0,0.0,0
2738.2288,0.0,0.0,0
2739.2046,0.0,0.0,0
2740.1804,0.0,0.0,0
2741.1565,0.0,0.0,0
2742.1323,0.0,0.0,0
2743.1082,0.0,0.0,0
2744.084,0.0,0.0,0
2745.0598,0.0,0.0,0
2746.0356,0.0,0.0,0
2747.0115,0.0,0.0,0
2747.9873,0.0,0.0,0
2748.9631,0.0,0.0,0
2749.939,0.0,0.0,0
2750.9148,0.0,0.0,0
2751.8906,0.0,0.0,0
2752.8665,0.0,0.0,0
2753.8423,0.0,0.0,0
2754.8184,0.0,0.0,0
2755.7942,0.0,0.0,0
2756.77,0.0,0.0,0
2757.7458,0.0,0.0,0
2758.7217,0.0,0.0,0
2759.6975,0.0,0.0,0
2760.6733,0.0,0.0,0
2761.6492,0.0,0.0,0
2762.625,0.0,0.0,0
2763.6008,0.0,0.0,0
2764.5767,0.0,0.0,0
2765.5525,0.0,0.0,0
2766.5283,0.0,0.0,0
2767.5042,0.0,0.0,0
2768.4802,0.0,0.0,0
2769.456,0.0,0.0,0
2770.432,0.0,0.0,0
2771.4077,0.0,0.0,0
2772.3835,0.0,0.0,0
2773.3594,0.0,0.0,0
2774.3352,0.0,0.0,0
2775.311,0.0,0.0,0
2776.2869,0.0,0.0,0
2777.2627,0.0,0.0,0
2778.2385,0.0,0.0,0
2779.2144,0.0,0.0,0
2780.1902,0.0,0.0,0
2781.1663,0.0,0.0,0
2782.142,0.0,0.0,0
2783.118,0.0,0.0,0
2784.0938,0.0,0.0,0
2785.0696,0.0,0.0,0
2786.0454,0.0,0.0,0
2787.0212,0.0,0.0,0
2787.997,0.0,0.0,0
2788.973,0.0,0.0,0
2789.9487,0.0,0.0,0
2790.9246,0.0,0.0,0
2791.9004,0.0,0.0,0
2792.8762,0.0,0.0,0
2793.852,0.0,0.0,0
2794.8281,0.0,0.0,0
2795.804,0.0,0.0,0
2796.7798,0.0,0.0,0
2797.7556,0.0,0.0,0
2798.7314,0.0,0.0,0
2799.7073,0.0,0.0,0
2800.683,0.0,0.0,0
2801.659,0.0,0.0,0
2802.6348,0.0,0.0,0
2803.6106,0.0,0.0,0
2804.5864,0.0,0.0,0
2805.5623,0.0,0.0,0
2806.538,0.0,0.0,0
2807.514,0.0,0.0,0
2808.49,0.0,0.0,0
2809.4658,0.0,0.0,0
2810.4417,0.0,0.0,0
2811.4175,0.0,0.0,0
2812.3933,0.0,0.0,0
2813.3691,0.0,0.0,0
2814.345,0.0,0.0,0
2815.3208,0.0,0.0,0
2816.2966,0.0,0.0,0
2817.2725,0.0,0.0,0
2818.2483,0.0,0.0,0
2819.224,0.0,0.0,0
2820.2,0.0,0.0,0
2821.1758,0.0,0.0,0
2822.1519,0.0,0.0,0
2823.1277,0.0,0.0,0
2824.1035,0.0,0.0,0
2825.0793,0.0,0.0,0
2826.0552,0.0,0.0,0
2827.031,0.0,0.0,0
2828.0068,0.0,0.0,0
2828.9827,0.0,0.0,0
2829.9585,0.0,0.0,0
2830.9343,0.0,0.0,0
2831.9102,0.0,0.0,0
2832.886,0.0,0.0,0
2833.8618,0.0,0.0,0
2834.8376,0.0,0.0,0
2835.8137,0.0,0.0,0
2836.7896,0.0,0.0,0
2837.7654,0.0,0.0,0
2838.7412,0.0,0.0,0
2839.717,0.0,0.0,0
2840.6929,0.0,0.0,0
2841.6687,0.0,0.0,0
2842.6445,0.0,0.0,0
2843.6204,0.0,0.0,0
2844.5962,0.0,0.0,0
2845.572,0.0,0.0,0
2846.5479,0.0,0.0,0
2847.5237,0.0,0.0,0
2848.4998,0.0,0.0,0
2849.4756,0.0,0.0,0
2850.4514,0.0,0.0,0
2851.4272,0.0,0.0,0
2852.403,0.0,0.0,0
2853.379,0.0,0.0,0
2854.3547,0.0,0.0,0
2855.3306,0.0,0.0,0
2856.3064,0.0,0.0,0
2857.2822,0.0,0.0,0
2858.258,0.0,0.0,0
2859.234,0.0,0.0,0
2860.2097,0.0,0.0,0
2861.1855,0.0,0.0,0
2862.1616,0.0,0.0,0
2863.1375,0.0,0.0,0
2864.1133,0.0,0.0,0
2865.089,0.0,0.0,0
2866.065,0.0,0.0,0
2867.0408,0.0,0.0,0
2868.0166,0.0,0.0,0
2868.9924,0.0,0.0,0
2869.9683,0.0,0.0,0
2870.944,0.0,0.0,0
2871.92,0.0,0.0,0
2872.8958,0.0,0.0,0
2873.8716,0.0,0.0,0
2874.8474,0.0,0.0,0
2875.8235,0.0,0.0,0
2876.7993,0.0,0.0,0
2877.7751,0.0,0.0,0
2878.751,0.0,0.0,0
2879.7268,0.0,0.0,0
2880.7026,0.0,0.0,0
2881.6785,0.0,0.0,0
2882.6543,0.0,0.0,0
2883.6301,0.0,0.0,0
2884.606,0.0,0.0,0
2885.5818,0.0,0.0,0
2886.5576,0.0,0.0,0
2887.5334,0.0,0.0,0
2888.5093,0.0,0.0,0
2889.4854,0.0,0.0,0
2890.4612,0.0,0.0,0
2891.437,0.0,0.0,0
2892.4128,0.0,0.0,0
2893.3887,0.0,0.0,0
2894.3645,0.0,0.0,0
2895.3403,0.0,0.0,0
2896.3162,0.0,0.0,0
2897.292,0.0,0.0,0
2898.2678,0.0,0.0,0
2899.2437,0.0,0.0,0
2900.2195,0.0,0.0,0
2901.1953,0.0,0.0,0
2902.1711,0.0,0.0,0
2903.1472,0.0,0.0,0
2904.123,0.0,0.0,0
2905.0989,0.0,0.0,0
2906.0747,0.0,0.0,0
2907.0505,0.0,0.0,0
2908.0264,0.0,0.0,0
2909.0022,0.0,0.0,0
2909.978,0.0,0.0,0
2910.9539,0.0,0.0,0
2911.9297,0.0,0.0,0
2912.9055,0.0,0.0,0
2913.8813,0.0,0.0,0
2914.8572,0.0,0.0,0
2915.8333,0.0,0.0,0
2916.809,0.0,0.0,0
2917.785,0.0,0.0,0
2918.7607,0.0,0.0,0
2919.7366,0.0,0.0,0
2920.7124,0.0,0.0,0
2921.6882,0.0,0.0,0
2922.664,0.0,0.0,0
2923.64,0.0,0.0,0
2924.6157,0.0,0.0,0
2925.5916,0.0,0.0,0
2926.5674,0.0,0.0,0
2927.5432,0.0,0.0,0
2928.519,0.0,0.0,0
2929.495,0.0,0.0,0
2930.471,0.0,0.0,0
2931.4468,0.0,0.0,0
2932.4226,0.0,0.0,0
2933.3984,0.0,0.0,0
2934.3743,0.0,0.0,0
2935.35,0.0,0.0,0
2936.326,0.0,0.0,0
2937.3018,0.0,0.0,0
2938.2776,0.0,0.0,0
2939.2534,0.0,0.0,0
2940.2292,0.0,0.0,0
2941.205,0.0,0.0,0
2942.181,0.0,0.0,0
2943.157,0.0,0.0,0
2944.1328,0.0,0.0,0
2945.1086,0.0,0.0,0
2946.0845,0.0,0.0,0
2947.0603,0.0,0.0,0
2948.0361,0.0,0.0,0
2949.012,0.0,0.0,0
2949.9878,0.0,0.0,0
2950.9636,0.0,0.0,0
2951.9395,0.0,0.0,0
2952.9153,0.0,0.0,0
2953.891,0.0,0.0,0
2954.867,0.0,0.0,0
2955.8428,0.0,0.0,0
2956.8188,0.0,0.0,0
2957.7947,0.0,0.0,0
2958.7705,0.0,0.0,0
2959.7463,0.0,0.0,0
2960.7222,0.0,0.0,0
2961.698,0.0,0.0,0
2962.6738,0.0,0.0,0
2963.6497,0.0,0.0,0
2964.6255,0.0,0.0,0
2965.6013,0.0,0.0,0
2966.5771,0.0,0.0,0
2967.553,0.0,0.0,0
2968.5288,0.0,0.0,0
2969.5046,0.0,0.0,0
2970.4807,0.0,0.0,0
2971.4565,0.0,0.0,0
2972.4324,0.0,0.0,0
2973.4082,0.0,0.0,0
2974.384,0.0,0.0,0
2975.3599,0.0,0.0,0
2976.3357,0.0,0.0,0
2977.3115,0.0,0.0,0
2978.2874,0.0,0.0,0
2979.2632,0.0,0.0,0
2980.239,0.0,0.0,0
2981.2148,0.0,0.0,0
2982.1907,0.0,0.0,0
2983.1667,0.0,0.0,0
2984.1426,0.0,0.0,0
2985.1184,0.0,0.0,0
2986.0942,0.0,0.0,0
2987.07,0.0,0.0,0
2988.046,0.0,0.0,0
2989.0217,0.0,0.0,0
2989.9976,0.0,0.0,0
2990.9734,0.0,0.0,0
2991.9492,0.0,0.0,0
2992.925,0.0,0.0,0
2993.901,0.0,0.0,0
2994.8767,0.0,0.0,0
2995.8525,0.0,0.0,0
2996.8286,0.0,0.0,0
2997.8044,0.0,0.0,0
2998.7803,0.0,0.0,0
2999.756,0.0,0.0,0
3000.732,0.0,0.0,0
3001.7078,0.0,0.0,0
3002.6836,0.0,0.0,0
3003.6594,0.0,0.0,0
3004.6353,0.0,0.0,0
3005.611,0.0,0.0,0
3006.587,0.0,0.0,0
3007.5627,0.0,0.0,0
3008.5386,0.0,0.0,0
3009.5144,0.0,0.0,0
3010.4905,0.0,0.0,0
3011.4663,0.0,0.0,0
3012.4421,0.0,0.0,0
3013.418,0.0,0.0,0
3014.3938,0.0,0.0,0
3015.3696,0.0,0.0,0
3016.3455,0.0,0.0,0
3017.3213,0.0,0.0,0
3018.297,0.0,0.0,0
3019.273,0.0,0.0,0
3020.2488,0.0,0.0,0
3021.2246,0.0,0.0,0
3022.2004,0.0,0.0,0
3023.1763,0.0,0.0,0
3024.1523,0.0,0.0,0
3025.1282,0.0,0.0,0
3026.104,0.0,0.0,0
3027.0798,0.0,0.0,0
3028.0557,0.0,0.0,0
3029.0315,0.0,0.0,0
3030.0073,0.0,0.0,0
3030.9832,0.0,0.0,0
3031.959,0.0,0.0,0
3032.9348,0.0,0.0,0
3033.9106,0.0,0.0,0
3034.8865,0.0,0.0,0
3035.8623,0.0,0.0,0
3036.8381,0.0,0.0,0
3037.8142,0.0,0.0,0
3038.79,0.0,0.0,0
3039.7659,0.0,0.0,0
3040.7417,0.0,0.0,0
3041.7175,0.0,0.0,0
3042.6934,0.0,0.0,0
3043.6692,0.0,0.0,0
3044.645,0.0,0.0,0
3045.6208,0.0,0.0,0
3046.5967,0.0,0.0,0
3047.5725,0.0,0.0,0
3048.5483,0.0,0.0,0
3049.5242,0.0,0.0,0
3050.5,0.0,0.0,0
3051.476,0.0,0.0,0
3052.452,0.0,0.0,0
3053.4277,0.0,0.0,0
3054.4036,0.0,0.0,0
3055.3794,0.0,0.0,0
3056.3552,0.0,0.0,0
3057.331,0.0,0.0,0
3058.307,0.0,0.0,0
3059.2827,0.0,0.0,0
3060.2585,0.0,0.0,0
3061.2344,0.0,0.0,0
3062.2102,0.0,0.0,0
3063.186,0.0,0.0,0
3064.162,0.0,0.0,0
3065.138,0.0,0.0,0
3066.1138,0.0,0.0,0
3067.0896,0.0,0.0,0
3068.0654,0.0,0.0,0
3069.0413,0.0,0.0,0
3070.017,0.0,0.0,0
3070.993,0.0,0.0,0
3071.9688,0.0,0.0,0
3072.9446,0.0,0.0,0
3073.9204,0.0,0.0,0
3074.8962,0.0,0.0,0
3075.872,0.0,0.0,0
3076.848,0.0,0.0,0
3077.824,0.0,0.0,0
3078.7998,0.0,0.0,0
3079.7756,0.0,0.0,0
3080.7515,0.0,0.0,0
3081.7273,0.0,0.0,0
3082.7031,0.0,0.0,0
3083.679,0.0,0.0,0
3084.6548,0.0,0.0,0
3085.6306,0.0,0.0,0
3086.6064,0.0,0.0,0
3087.5823,0.0,0.0,0
3088.558,0.0,0.0,0
3089.534,0.0,0.0,0
3090.5098,0.0,0.0,0
3091.4858,0.0,0.0,0
3092.4617,0.0,0.0,0
3093.4375,0.0,0.0,0
3094.4133,0.0,0.0,0
3095.3892,0.0,0.0,0
3096.365,0.0,0.0,0
3097.3408,0.0,0.0,0
3098.3167,0.0,0.0,0
3099.2925,0.0,0.0,0
3100.2683,0.0,0.0,0
3101.2441,0.0,0.0,0
3102.22,0.0,0.0,0
3103.1958,0.0,0.0,0
3104.1716,0.0,0.0,0
3105.1477,0.0,0.0,0
3106.1235,0.0,0.0,0
3107.0994,0.0,0.0,0
3108.0752,0.0,0.0,0
3109.051,0.0,0.0,0
3110.0269,0.0,0.0,0
3111.0027,0.0,0.0,0
3111.9785,0.0,0.0,0
3112.9543,0.0,0.0,0
3113.9302,0.0,0.0,0
3114.906,0.0,0.0,0
3115.8818,0.0,0.0,0
3116.8577,0.0,0.0,0
3117.8335,0.0,0.0,0
3118.8096,0.0,0.0,0
3119.7854,0.0,0.0,0
3120.7612,0.0,0.0,0
3121.737,0.0,0.0,0
3122.713,0.0,0.0,0
3123.6887,0.0,0.0,0
3124.6646,0.0,0.0,0
3125.6404,0.0,0.0,0
3126.6162,0.0,0.0,0
3127.592,0.0,0.0,0
3128.5679,0.0,0.0,0
3129.5437,0.0,0.0,0
3130.5195,0.0,0.0,0
3131.4956,0.0,0.0,0
3132.4714,0.0,0.0,0
3133.4473,0.0,0.0,0
3134.423,0.0,0.0,0
3135.399,0.0,0.0,0
3136.3748,0.0,0.0,0
3137.3506,0.0,0.0,0
3138.3264,0.0,0.0,0
3139.3022,0.0,0.0,0
3140.278,0.0,0.0,0
3141.254,0.0,0.0,0
3142.2297,0.0,0.0,0
3143.2056,0.0,0.0,0
3144.1814,0.0,0.0,0
3145.1575,0.0,0.0,0
3146.1333,0.0,0.0,0
3147.1091,0.0,0.0,0
3148.085,0.0,0.0,0
3149.0608,0.0,0.0,0
3150.0366,0.0,0.0,0
3151.0125,0.0,0.0,0
3151.9883,0.0,0.0,0
3152.964,0.0,0.0,0
3153.94,0.0,0.0,0
3154.9158,0.0,0.0,0
3155.8916,0.0,0.0,0
3156.8674,0.0,0.0,0
3157.8433,0.0,0.0,0
3158.8193,0.0,0.0,0
3159.7952,0.0,0.0,0
3160.771,0.0,0.0,0
3161.7468,0.0,0.0,0
3162.7227,0.0,0.0,0
3163.6985,0.0,0.0,0
3164.6743,0.0,0.0,0
3165.6501,0.0,0.0,0
3166.626,0.0,0.0,0
3167.6018,0.0,0.0,0
3168.5776,0.0,0.0,0
3169.5535,0.0,0.0,0
3170.5293,0.0,0.0,0
3171.5051,0.0,0.0,0
3172.4812,0.0,0.0,0
3173.457,0.0,0.0,0
3174.4329,0.0,0.0,0
3175.4087,0.0,0.0,0
3176.3845,0.0,0.0,0
3177.3604,0.0,0.0,0
3178.3362,0.0,0.0,0
3179.312,0.0,0.0,0
3180.2878,0.0,0.0,0
3181.2637,0.0,0.0,0
3182.2395,0.0,0.0,0
3183.2153,0.0,0.0,0
3184.1912,0.0,0.0,0
3185.167,0.0,0.0,0
3186.143,0.0,0.0,0
3187.119,0.0,0.0,0
3188.0947,0.0,0.0,0
3189.0706,0.0,0.0,0
3190.0464,0.0,0.0,0
3191.0222,0.0,0.0,0
3191.998,0.0,0.0,0
3192.9739,0.0,0.0,0
3193.9497,0.0,0.0,0
3194.9255,0.0,0.0,0
3195.9014,0.0,0.0,0
3196.8772,0.0,0.0,0
3197.853,0.0,0.0,0
3198.829,0.0,0.0,0
3199.805,0.0,0.0,0
3200.7808,0.0,0.0,0
3201.7566,0.0,0.0,0
3202.7324,0.0,0.0,0
3203.7083,0.0,0.0,0
3204.684,0.0,0.0,0
3205.66,0.0,0.0,0
3206.6357,0.0,0.0,0
3207.6116,0.0,0.0,0
3208.5874,0.0,0.0,0
3209.5632,0.0,0.0,0
3210.539,0.0,0.0,0
3211.515,0.0,0.0,0
3212.491,0.0,0.0,0
3213.4668,0.0,0.0,0
3214.4426,0.0,0.0,0
3215.4185,0.0,0.0,0
3216.3943,0.0,0.0,0
3217.37,0.0,0.0,0
3218.346,0.0,0.0,0
3219.3218,0.0,0.0,0
3220.2976,0.0,0.0,0
3221.2734,0.0,0.0,0
3222.2493,0.0,0.0,0
3223.225,0.0,0.0,0
3224.201,0.0,0.0,0
3225.1768,0.0,0.0,0
3226.1528,0.0,0.0,0
3227.1287,0.0,0.0,0
3228.1045,0.0,0.0,0
3229.0803,0.0,0.0,0
3230.0562,0.0,0.0,0
3231.032,0.0,0.0,0
3232.0078,0.0,0.0,0
3232.9836,0.0,0.0,0
3233.9595,0.0,0.0,0
3234.9353,0.0,0.0,0
3235.9111,0.0,0.0,0
3236.887,0.0,0.0,0
3237.8628,0.0,0.0,0
3238.8386,0.0,0.0,0
3239.8147,0.0,0.0,0
3240.7905,0.0,0.0,0
3241.7664,0.0,0.0,0
3242.7422,0.0,0.0,0
3243.718,0.0,0.0,0
3244.6938,0.0,0.0,0
3245.6697,0.0,0.0,0
3246.6455,0.0,0.0,0
3247.6213,0.0,0.0,0
3248.5972,0.0,0.0,0
3249.573,0.0,0.0,0
3250.5488,0.0,0.0,0
3251.5247,0.0,0.0,0
3252.5005,0.0,0.0,0
3253.4766,0.0,0.0,0
3254.4524,0.0,0.0,0
3255.4282,0.0,0.0,0
3256.404,0.0,0.0,0
3257.38,0.0,0.0,0
3258.3557,0.0,0.0,0
3259.3315,0.0,0.0,0
3260.3074,0.0,0.0,0
3261.2832,0.0,0.0,0
3262.259,0.0,0.0,0
3263.2349,0.0,0.0,0
3264.2107,0.0,0.0,0
3265.1865,0.0,0.0,0
3266.1626,0.0,0.0,0
3267.1384,0.0,0.0,0
3268.1143,0.0,0.0,0
3269.09,0.0,0.0,0
3270.066,0.0,0.0,0
3271.0417,0.0,0.0,0
3272.0176,0.0,0.0,0
3272.9934,0.0,0.0,0
3273.9692,0.0,0.0,0
3274.945,0.0,0.0,0
3275.921,0.0,0.0,0
3276.8967,0.0,0.0,0
3277.8726,0.0,0.0,0
3278.8484,0.0,0.0,0
3279.8245,0.0,0.0,0
3280.8003,0.0,0.0,0
3281.7761,0.0,0.0,0
3282.752,0.0,0.0,0
3283.7278,0.0,0.0,0
3284.7036,0.0,0.0,0
3285.6794,0.0,0.0,0
3286.6553,0.0,0.0,0
3287.631,0.0,0.0,0
3288.607,0.0,0.0,0
3289.5828,0.0,0.0,0
3290.5586,0.0,0.0,0
3291.5344,0.0,0.0,0
3292.5103,0.0,0.0,0
3293.4863,0.0,0.0,0
3294.4622,0.0,0.0,0
3295.438,0.0,0.0,0
3296.4138,0.0,0.0,0
3297.3896,0.0,0.0,0
3298.3655,0.0,0.0,0
3299.3413,0.0,0.0,0
3300.3171,0.0,0.0,0
3301.293,0.0,0.0,0
3302.2688,0.0,0.0,0
3303.2446,0.0,0.0,0
3304.2205,0.0,0.0,0
3305.1963,0.0,0.0,0
3306.172,0.0,0.0,0
3307.1482,0.0,0.0,0
3308.124,0.0,0.0,0
3309.0999,0.0,0.0,0
3310.0757,0.0,0.0,0
3311.0515,0.0,0.0,0
3312.0273,0.0,0.0,0
3313.0032,0.0,0.0,0
3313.979,0.0,0.0,0
3314.9548,0.0,0.0,0
3315.9307,0.0,0.0,0
3316.9065,0.0,0.0,0
3317.8823,0.0,0.0,0
3318.8582,0.0,0.0,0
3319.834,0.0,0.0,0
3320.81,0.0,0.0,0
3321.786,0.0,0.0,0
3322.7617,0.0,0.0,0
3323.7375,0.0,0.0,0
3324.7134,0.0,0.0,0
3325.6892,0.0,0.0,0
3326.665,0.0,0.0,0
3327.6409,0.0,0.0,0
3328.6167,0.0,0.0,0
3329.5925,0.0,0.0,0
3330.5684,0.0,0.0,0
3331.5442,0.0,0.0,0
3332.52,0.0,0.0,0
3333.496,0.0,0.0,0
3334.472,0.0,0.0,0
3335.4478,0.0,0.0,0
3336.4236,0.0,0.0,0
3337.3994,0.0,0.0,0
3338.3752,0.0,0.0,0
3339.351,0.0,0.0,0
3340.327,0.0,0.0,0
3341.3027,0.0,0.0,0
3342.2786,0.0,0.0,0
3343.2544,0.0,0.0,0
3344.2302,0.0,0.0,0
3345.206,0.0,0.0,0
3346.182,0.0,0.0,0
3347.158,0.0,0.0,0
3348.1338,0.0,0.0,0
3349.1096,0.0,0.0,0
3350.0854,0.0,0.0,0
3351.0613,0.0,0.0,0
3352.037,0.0,0.0,0
3353.013,0.0,0.0,0
3353.9888,0.0,0.0,0
3354.9646,0.0,0.0,0
3355.9404,0.0,0.0,0
3356.9163,0.0,0.0,0
3357.892,0.0,0.0,0
3358.868,0.0,0.0,0
3359.8438,0.0,0.0,0
3360.8198,0.0,0.0,0
3361.7957,0.0,0.0,0
3362.7715,0.0,0.0,0
3363.7473,0.0,0.0,0
3364.7231,0.0,0.0,0
3365.699,0.0,0.0,0
3366.6748,0.0,0.0,0
3367.6506,0.0,0.0,0
3368.6265,0.0,0.0,0
3369.6023,0.0,0.0,0
3370.5781,0.0,0.0,0
3371.554,0.0,0.0,0
3372.5298,0.0,0.0,0
3373.5056,0.0,0.0,0
3374.4817,0.0,0.0,0
3375.4575,0.0,0.0,0
3376.4333,0.0,0.0,0
3377.4092,0.0,0.0,0
3378.385,0.0,0.0,0
3379.3608,0.0,0.0,0
3380.3367,0.0,0.0,0
3381.3125,0.0,0.0,0
3382.2883,0.0,0.0,0
3383.2642,0.0,0.0,0
3384.24,0.0,0.0,0
3385.2158,0.0,0.0,0
3386.1917,0.0,0.0,0
3387.1675,0.0,0.0,0
3388.1436,0.0,0.0,0
3389.1194,0.0,0.0,0
3390.0952,0.0,0.0,0
3391.071,0.0,0.0,0
3392.0469,0.0,0.0,0
3393.0227,0.0,0.0,0
3393.9985,0.0,0.0,0
3394.9744,0.0,0.0,0
3395.9502,0.0,0.0,0
3396.926,0.0,0.0,0
3397.9019,0.0,0.0,0
3398.8777,0.0,0.0,0
3399.8535,0.0,0.0,0
3400.8296,0.0,0.0,0
3401.8054,0.0,0.0,0
3402.7812,0.0,0.0,0
3403.757,0.0,0.0,0
3404.733,0.0,0.0,0
3405.7087,0.0,0.0,0
3406.6846,0.0,0.0,0
3407.6604,0.0,0.0,0
3408.6362,0.0,0.0,0
3409.612,0.0,0.0,0
3410.588,0.0,0.0,0
3411.5637,0.0,0.0,0
3412.5396,0.0,0.0,0
3413.5154,0.0,0.0,0
3414.4915,0.0,0.0,0
3415.4673,0.0,0.0,0
3416.443,0.0,0.0,0
3417.419,0.0,0.0,0
3418.3948,0.0,0.0,0
3419.3706,0.0,0.0,0
3420.3464,0.0,0.0,0
3421.3223,0.0,0.0,0
3422.298,0.0,0.0,0
3423.274,0.0,0.0,0
3424.2498,0.0,0.0,0
3425.2256,0.0,0.0,0
3426.2014,0.0,0.0,0
3427.1772,0.0,0.0,0
3428.1533,0.0,0.0,0
3429.1292,0.0,0.0,0
3430.105,0.0,0.0,0
3431.0808,0.0,0.0,0
3432.0566,0.0,0.0,0
3433.0325,0.0,0.0,0
3434.0083,0.0,0.0,0
3434.9841,0.0,0.0,0
3435.96,0.0,0.0,0
3436.9358,0.0,0.0,0
3437.9116,0.0,0.0,0
3438.8875,0.0,0.0,0
3439.8633,0.0,0.0,0
3440.839,0.0,0.0,0
3441.8152,0.0,0.0,0
3442.791,0.0,0.0,0
3443.7668,0.0,0.0,0
3444.7427,0.0,0.0,0
3445.7185,0.0,0.0,0
3446.6943,0.0,0.0,0
3447.6702,0.0,0.0,0
3448.646,0.0,0.0,0
3449.6218,0.0,0.0,0
3450.5977,0.0,0.0,0
3451.5735,0.0,0.0,0
3452.5493,0.0,0.0,0
3453.5251,0.0,0.0,0
3454.501,0.0,0.0,0
3455.477,0.0,0.0,0
3456.453,0.0,0.0,0
3457.4287,0.0,0.0,0
3458.4045,0.0,0.0,0
3459.3804,0.0,0.0,0
3460.3562,0.0,0.0,0
3461.332,0.0,0.0,0
3462.3079,0.0,0.0,0
3463.2837,0.0,0.0,0
3464.2595,0.0,0.0,0
3465.2354,0.0,0.0,0
3466.2112,0.0,0.0,0
3467.187,0.0,0.0,0
3468.163,0.0,0.0,0
3469.139,0.0,0.0,0
3470.1147,0.0,0.0,0
3471.0906,0.0,0.0,0
3472.0664,0.0,0.0,0
3473.0422,0.0,0.0,0
3474.018,0.0,0.0,0
3474.994,0.0,0.0,0
3475.9697,0.0,0.0,0
3476.9456,0.0,0.0,0
3477.9214,0.0,0.0,0
3478.8972,0.0,0.0,0
3479.873,0.0,0.0,0
3480.8489,0.0,0.0,0
3481.825,0.0,0.0,0
3482.8008,0.0,0.0,0
3483.7766,0.0,0.0,0
3484.7524,0.0,0.0,0
3485.7283,0.0,0.0,0
3486.704,0.0,0.0,0
3487.68,0.0,0.0,0
3488.6558,0.0,0.0,0
3489.6316,0.0,0.0,0
3490.6074,0.0,0.0,0
3491.5833,0.0,0.0,0
3492.559,0.0,0.0,0
3493.535,0.0,0.0,0
3494.5107,0.0,0.0,0
3495.4868,0.0,0.0,0
3496.4626,0.0,0.0,0
3497.4385,0.0,0.0,0
3498.4143,0.0,0.0,0
3499.3901,0.0,0.0,0
3500.366,0.0,0.0,0
3501.3418,0.0,0.0,0
3502.3176,0.0,0.0,0
3503.2935,0.0,0.0,0
3504.2693,0.0,0.0,0
3505.245,0.0,0.0,0
3506.221,0.0,0.0,0
3507.1968,0.0,0.0,0
3508.1726,0.0,0.0,0
3509.1487,0.0,0.0,0
3510.1245,0.0,0.0,0
3511.1003,0.0,0.0,0
3512.0762,0.0,0.0,0
3513.052,0.0,0.0,0
3514.0278,0.0,0.0,0
3515.0037,0.0,0.0,0
3515.9795,0.0,0.0,0
3516.9553,0.0,0.0,0
3517.9312,0.0,0.0,0
3518.907,0.0,0.0,0
3519.8828,0.0,0.0,0
3520.8586,0.0,0.0,0
3521.8345,0.0,0.0,0
3522.8105,0.0,0.0,0
3523.7864,0.0,0.0,0
3524.7622,0.0,0.0,0
3525.738,0.0,0.0,0
3526.7139,0.0,0.0,0
3527.6897,0.0,0.0,0
3528.6655,0.0,0.0,0
3529.6414,0.0,0.0,0
3530.6172,0.0,0.0,0
3531.593,0.0,0.0,0
3532.5688,0.0,0.0,0
3533.5447,0.0,0.0,0
3534.5205,0.0,0.0,0
3535.4966,0.0,0.0,0
3536.4724,0.0,0.0,0
3537.4482,0.0,0.0,0
3538.424,0.0,0.0,0
3539.4,0.0,0.0,0
3540.3757,0.0,0.0,0
3541.3516,0.0,0.0,0
3542.3274,0.0,0.0,0
3543.3032,0.0,0.0,0
3544.279,0.0,0.0,0
3545.255,0.0,0.0,0
3546.2307,0.0,0.0,0
3547.2065,0.0,0.0,0
3548.1824,0.0,0.0,0
3549.1584,0.0,0.0,0
3550.1343,0.0,0.0,0
3551.11,0.0,0.0,0
3552.086,0.0,0.0,0
3553.0618,0.0,0.0,0
3554.0376,0.0,0.0,0
3555.0134,0.0,0.0,0
3555.9893,0.0,0.0,0
3556.965,0.0,0.0,0
3557.941,0.0,0.0,0
3558.9167,0.0,0.0,0
3559.8926,0.0,0.0,0
3560.8684,0.0,0.0,0
3561.8442,0.0,0.0,0
3562.8203,0.0,0.0,0
3563.7961,0.0,0.0,0
3564.772,0.0,0.0,0
3565.7478,0.0,0.0,0
3566.7236,0.0,0.0,0
3567.6995,0.0,0.0,0
3568.6753,0.0,0.0,0
3569.6511,0.0,0.0,0
3570.627,0.0,0.0,0
3571.6028,0.0,0.0,0
3572.5786,0.0,0.0,0
3573.5544,0.0,0.0,0
3574.5303,0.0,0.0,0
3575.506,0.0,0.0,0
3576.4822,0.0,0.0,0
3577.458,0.0,0.0,0
3578.4338,0.0,0.0,0
3579.4097,0.0,0.0,0
3580.3855,0.0,0.0,0
3581.3613,0.0,0.0,0
3582.3372,0.0,0.0,0
3583.313,0.0,0.0,0
3584.2888,0.0,0.0,0
3585.2646,0.0,0.0,0
3586.2405,0.0,0.0,0
3587.2163,0.0,0.0,0
3588.1921,0.0,0.0,0
3589.168,0.0,0.0,0
3590.144,0.0,0.0,0
3591.1199,0.0,0.0,0
3592.0957,0.0,0.0,0
3593.0715,0.0,0.0,0
3594.0474,0.0,0.0,0
3595.0232,0.0,0.0,0
3595.999,0.0,0.0,0
3596.9749,0.0,0.0,0
3597.9507,0.0,0.0,0
3598.9265,0.0,0.0,0
3599.9023,0.0,0.0,0
3600.8782,0.0,0.0,0
3601.854,0.0,0.0,0
3602.83,0.0,0.0,0
3603.806,0.0,0.0,0
3604.7817,0.0,0.0,0
3605.7576,0.0,0.0,0
3606.7334,0.0,0.0,0
3607.7092,0.0,0.0,0
3608.685,0.0,0.0,0
3609.661,0.0,0.0,0
3610.6367,0.0,0.0,0
3611.6125,0.0,0.0,0
3612.5884,0.0,0.0,0
3613.5642,0.0,0.0,0
3614.54,0.0,0.0,0
3615.5159,0.0,0.0,0
3616.492,0.0,0.0,0
3617.4678,0.0,0.0,0
3618.4436,0.0,0.0,0
3619.4194,0.0,0.0,0
3620.3953,0.0,0.0,0
3621.371,0.0,0.0,0
3622.347,0.0,0.0,0
3623.3228,0.0,0.0,0
3624.2986,0.0,0.0,0
3625.2744,0.0,0.0,0
3626.2502,0.0,0.0,0
3627.226,0.0,0.0,0
3628.202,0.0,0.0,0
3629.1777,0.0,0.0,0
3630.1538,0.0,0.0,0
3631.1296,0.0,0.0,0
3632.1055,0.0,0.0,0
3633.0813,0.0,0.0,0
3634.0571,0.0,0.0,0
3635.033,0.0,0.0,0
3636.0088,0.0,0.0,0
3636.9846,0.0,0.0,0
3637.9604,0.0,0.0,0
3638.9363,0.0,0.0,0
3639.912,0.0,0.0,0
3640.888,0.0,0.0,0
3641.8638,0.0,0.0,0
3642.8396,0.0,0.0,0
3643.8157,0.0,0.0,0
3644.7915,0.0,0.0,0
3645.7673,0.0,0.0,0
3646.7432,0.0,0.0,0
3647.719,0.0,0.0,0
3648.6948,0.0,0.0,0
3649.6707,0.0,0.0,0
3650.6465,0.0,0.0,0
3651.6223,0.0,0.0,0
3652.5981,0.0,0.0,0
3653.574,0.0,0.0,0
3654.5498,0.0,0.0,0
3655.5256,0.0,0.0,0
3656.5015,0.0,0.0,0
3657.4775,0.0,0.0,0
3658.4534,0.0,0.0,0
3659.4292,0.0,0.0,0
3660.405,0.0,0.0,0
3661.3809,0.0,0.0,0
3662.3567,0.0,0.0,0
3663.3325,0.0,0.0,0
3664.3083,0.0,0.0,0
3665.2842,0.0,0.0,0
3666.26,0.0,0.0,0
3667.2358,0.0,0.0,0
3668.2117,0.0,0.0,0
3669.1875,0.0,0.0,0
3670.1636,0.0,0.0,0
3671.1394,0.0,0.0,0
3672.1152,0.0,0.0,0
3673.091,0.0,0.0,0
3674.067,0.0,0.0,0
3675.0427,0.0,0.0,0
3676.0186,0.0,0.0,0
3676.9944,0.0,0.0,0
3677.9702,0.0,0.0,0
3678.946,0.0,0.0,0
3679.9219,0.0,0.0,0
3680.8977,0.0,0.0,0
3681.8735,0.0,0.0,0
3682.8494,0.0,0.0,0
3683.8254,0.0,0.0,0
3684.8013,0.0,0.0,0
3685.777,0.0,0.0,0
3686.753,0.0,0.0,0
3687.7288,0.0,0.0,0
3688.7046,0.0,0.0,0
3689.6804,0.0,0.0,0
3690.6562,0.0,0.0,0
3691.632,0.0,0.0,0
3692.608,0.0,0.0,0
3693.5837,0.0,0.0,0
3694.5596,0.0,0.0,0
3695.5354,0.0,0.0,0
3696.5112,0.0,0.0,0
3697.4873,0.0,0.0,0
3698.4631,0.0,0.0,0
3699.439,0.0,0.0,0
3700.4148,0.0,0.0,0
3701.3906,0.0,0.0,0
3702.3665,0.0,0.0,0
3703.3423,0.0,0.0,0
3704.318,0.0,0.0,0
3705.294,0.0,0.0,0
3706.2698,0.0,0.0,0
3707.2456,0.0,0.0,0
3708.2214,0.0,0.0,0
3709.1973,0.0,0.0,0
3710.173,0.0,0.0,0
3711.1492,0.0,0.0,0
3712.125,0.0,0.0,0
3713.1008,0.0,0.0,0
3714.0767,0.0,0.0,0
3715.0525,0.0,0.0,0
3716.0283,0.0,0.0,0
3717.0042,0.0,0.0,0
3717.98,0.0,0.0,0
3718.9558,0.0,0.0,0
3719.9316,0.0,0.0,0
3720.9075,0.0,0.0,0
3721.8833,0.0,0.0,0
3722.8591,0.0,0.0,0
3723.835,0.0,0.0,0
3724.811,0.0,0.0,0
3725.7869,0.0,0.0,0
3726.7627,0.0,0.0,0
3727.7385,0.0,0.0,0
3728.7144,0.0,0.0,0
3729.6902,0.0,0.0,0
3730.666,0.0,0.0,0
3731.6418,0.0,0.0,0
3732.6177,0.0,0.0,0
3733.5935,0.0,0.0,0
3734.5693,0.0,0.0,0
3735.5452,0.0,0.0,0
3736.521,0.0,0.0,0
3737.497,0.0,0.0,0
3738.473,0.0,0.0,0
3739.4487,0.0,0.0,0
3740.4246,0.0,0.0,0
3741.4004,0.0,0.0,0
3742.3762,0.0,0.0,0
3743.352,0.0,0.0,0
3744.328,0.0,0.0,0
3745.3037,0.0,0.0,0
3746.2795,0.0,0.0,0
3747.2554,0.0,0.0,0
3748.2312,0.0,0.0,0
3749.207,0.0,0.0,0
3750.1829,0.0,0.0,0
3751.159,0.0,0.0,0
3752.1348,0.0,0.0,0
3753.1106,0.0,0.0,0
3754.0864,0.0,0.0,0
3755.0623,0.0,0.0,0
3756.038,0.0,0.0,0
3757.014,0.0,0.0,0
3757.9897,0.0,0.0,0
3758.9656,0.0,0.0,0
3759.9414,0.0,0.0,0
3760.9172,0.0,0.0,0
3761.893,0.0,0.0,0
3762.869,0.0,0.0,0
3763.8447,0.0,0.0,0
3764.8208,0.0,0.0,0
3765.7966,0.0,0.0,0
3766.7725,0.0,0.0,0
3767.7483,0.0,0.0,0
3768.724,0.0,0.0,0
3769.7,0.0,0.0,0
3770.6758,0.0,0.0,0
3771.6516,0.0,0.0,0
3772.6274,0.0,0.0,0
3773.6033,0.0,0.0,0
3774.579,0.0,0.0,0
3775.555,0.0,0.0,0
3776.5308,0.0,0.0,0
3777.5066,0.0,0.0,0
3778.4827,0.0,0.0,0
3779.4585,0.0,0.0,0
3780.4343,0.0,0.0,0
3781.4102,0.0,0.0,0
3782.386,0.0,0.0,0
3783.3618,0.0,0.0,0
3784.3376,0.0,0.0,0
3785.3135,0.0,0.0,0
3786.2893,0.0,0.0,0
3787.2651,0.0,0.0,0
3788.241,0.0,0.0,0
3789.2168,0.0,0.0,0
3790.1926,0.0,0.0,0
3791.1685,0.0,0.0,0
3792.1445,0.0,0.0,0
3793.1204,0.0,0.0,0
3794.0962,0.0,0.0,0
3795.072,0.0,0.0,0
3796.0479,0.0,0.0,0
3797.0237,0.0,0.0,0
3797.9995,0.0,0.0,0
3798.9753,0.0,0.0,0
3799.9512,0.0,0.0,0
3800.927,0.0,0.0,0
3801.9028,0.0,0.0,0
3802.8787,0.0,0.0,0
3803.8545,0.0,0.0,0
3804.8306,0.0,0.0,0
3805.8064,0.0,0.0,0
3806.7822,0.0,0.0,0
3807.758,0.0,0.0,0
3808.734,0.0,0.0,0
3809.7097,0.0,0.0,0
3810.6855,0.0,0.0,0
3811.6614,0.0,0.0,0
3812.6372,0.0,0.0,0
3813.613,0.0,0.0,0
3814.5889,0.0,0.0,0
3815.5647,0.0,0.0,0
3816.5405,0.0,0.0,0
3817.5164,0.0,0.0,0
3818.4924,0.0,0.0,0
3819.4683,0.0,0.0,0
3820.444,0.0,0.0,0
3821.42,0.0,0.0,0
3822.3958,0.0,0.0,0
3823.3716,0.0,0.0,0
3824.3474,0.0,0.0,0
3825.3232,0.0,0.0,0
3826.299,0.0,0.0,0
3827.275,0.0,0.0,0
3828.2507,0.0,0.0,0
3829.2266,0.0,0.0,0
3830.2024,0.0,0.0,0
3831.1782,0.0,0.0,0
3832.1543,0.0,0.0,0
3833.1301,0.0,0.0,0
3834.106,0.0,0.0,0
3835.0818,0.0,0.0,0
3836.0576,0.0,0.0,0
3837.0334,0.0,0.0,0
3838.0093,0.0,0.0,0
3838.985,0.0,0.0,0
3839.961,0.0,0.0,0
3840.9368,0.0,0.0,0
3841.9126,0.0,0.0,0
3842.8884,0.0,0.0,0
3843.8643,0.0,0.0,0
3844.84,0.0,0.0,0
3845.8162,0.0,0.0,0
3846.792,0.0,0.0,0
3847.7678,0.0,0.0,0
3848.7437,0.0,0.0,0
3849.7195,0.0,0.0,0
3850.6953,0.0,0.0,0
3851.6711,0.0,0.0,0
3852.647,0.0,0.0,0
3853.6228,0.0,0.0,0
3854.5986,0.0,0.0,0
3855.5745,0.0,0.0,0
3856.5503,0.0,0.0,0
3857.5261,0.0,0.0,0
3858.502,0.0,0.0,0
3859.478,0.0,0.0,0
3860.4539,0.0,0.0,0
3861.4297,0.0,0.0,0
3862.4055,0.0,0.0,0
3863.3813,0.0,0.0,0
3864.3572,0.0,0.0,0
3865.333,0.0,0.0,0
3866.3088,0.0,0.0,0
3867.2847,0.0,0.0,0
3868.2605,0.0,0.0,0
3869.2363,0.0,0.0,0
3870.2122,0.0,0.0,0
3871.188,0.0,0.0,0
3872.164,0.0,0.0,0
3873.14,0.0,0.0,0
3874.1157,0.0,0.0,0
3875.0916,0.0,0.0,0
3876.0674,0.0,0.0,0
3877.0432,0.0,0.0,0
3878.019,0.0,0.0,0
3878.9949,0.0,0.0,0
3879.9707,0.0,0.0,0
3880.9465,0.0,0.0,0
3881.9224,0.0,0.0,0
3882.8982,0.0,0.0,0
3883.874,0.0,0.0,0
3884.8499,0.0,0.0,0
3885.826,0.0,0.0,0
3886.8018,0.0,0.0,0
3887.7776,0.0,0.0,0
3888.7534,0.0,0.0,0
3889.7292,0.0,0.0,0
3890.705,0.0,0.0,0
3891.681,0.0,0.0,0
3892.6567,0.0,0.0,0
3893.6326,0.0,0.0,0
3894.6084,0.0,0.0,0
3895.5842,0.0,0.0,0
3896.56,0.0,0.0,0
3897.536,0.0,0.0,0
3898.5117,0.0,0.0,0
3899.4878,0.0,0.0,0
3900.4636,0.0,0.0,0
3901.4395,0.0,0.0,0
3902.4153,0.0,0.0,0
3903.391,0.0,0.0,0
3904.367,0.0,0.0,0
3905.3428,0.0,0.0,0
3906.3186,0.0,0.0,0
3907.2944,0.0,0.0,0
3908.2703,0.0,0.0,0
3909.246,0.0,0.0,0
3910.222,0.0,0.0,0
3911.1978,0.0,0.0,0
3912.1736,0.0,0.0,0
3913.1497,0.0,0.0,0
3914.1255,0.0,0.0,0
3915.1013,0.0,0.0,0
3916.0771,0.0,0.0,0
3917.053,0.0,0.0,0
3918.0288,0.0,0.0,0
3919.0046,0.0,0.0,0
3919.9805,0.0,0.0,0
3920.9563,0.0,0.0,0
3921.9321,0.0,0.0,0
3922.908,0.0,0.0,0
3923.8838,0.0,0.0,0
3924.8596,0.0,0.0,0
3925.8354,0.0,0.0,0
3926.8115,0.0,0.0,0
3927.7874,0.0,0.0,0
3928.7632,0.0,0.0,0
3929.739,0.0,0.0,0
3930.7148,0.0,0.0,0
3931.6907,0.0,0.0,0
3932.6665,0.0,0.0,0
3933.6423,0.0,0.0,0
3934.6182,0.0,0.0,0
3935.594,0.0,0.0,0
3936.5698,0.0,0.0,0
3937.5457,0.0,0.0,0
3938.5215,0.0,0.0,0
3939.4976,0.0,0.0,0
3940.4734,0.0,0.0,0
3941.4492,0.0,0.0,0
3942.425,0.0,0.0,0
3943.401,0.0,0.0,0
3944.3767,0.0,0.0,0
3945.3525,0.0,0.0,0
3946.3284,0.0,0.0,0
3947.3042,0.0,0.0,0
3948.28,0.0,0.0,0
3949.2559,0.0,0.0,0
3950.2317,0.0,0.0,0
3951.2075,0.0,0.0,0
3952.1833,0.0,0.0,0
3953.1594,0.0,0.0,0
3954.1353,0.0,0.0,0
3955.111,0.0,0.0,0
3956.087,0.0,0.0,0
3957.0627,0.0,0.0,0
3958.0386,0.0,0.0,0
3959.0144,0.0,0.0,0
3959.9902,0.0,0.0,0
3960.966,0.0,0.0,0
3961.942,0.0,0.0,0
3962.9177,0.0,0.0,0
3963.8936,0.0,0.0,0
3964.8694,0.0,0.0,0
3965.8452,0.0,0.0,0
3966.8213,0.0,0.0,0
3967.797,0.0,0.0,0
3968.773,0.0,0.0,0
3969.7488,0.0,0.0,0
3970.7246,0.0,0.0,0
3971.7004,0.0,0.0,0
3972.6763,0.0,0.0,0
3973.652,0.0,0.0,0
3974.628,0.0,0.0,0
3975.6038,0.0,0.0,0
3976.5796,0.0,0.0,0
3977.5554,0.0,0.0,0
3978.5312,0.0,0.0,0
3979.507,0.0,0.0,0
3980.4832,0.0,0.0,0
3981.459,0.0,0.0,0
3982.4348,0.0,0.0,0
3983.4106,0.0,0.0,0
3984.3865,0.0,0.0,0
3985.3623,0.0,0.0,0
3986.3381,0.0,0.0,0
3987.314,0.0,0.0,0
3988.2898,0.0,0.0,0
3989.2656,0.0,0.0,0
3990.2415,0.0,0.0,0
3991.2173,0.0,0.0,0
3992.193,0.0,0.0,0
3993.169,0.0,0.0,0
3994.145,0.0,0.0,0
3995.1208,0.0,0.0,0
3996.0967,0.0,0.0,0
3997.0725,0.0,0.0,0
3998.0483,0.0,0.0,0
3999.0242,0.0,0.0,0
4000.0,0.0,0.0,0
